PC1	PC2	PC3	PC4	Individual	Dataset	Region
21.8326	24.7063	1.53384	-5.6718	0	HGDP	Africa
20.7761	22.5076	2.74235	-5.24257	1	HGDP	Africa
17.2941	22.9256	1.40554	-3.13666	2	HGDP	Africa
25.2833	24.2736	1.97	-5.37298	3	HGDP	Africa
19.5743	22.941	2.06098	-5.55148	4	HGDP	Africa
26.1488	23.8227	2.79734	-4.92194	5	HGDP	Africa
27.0552	25.3204	2.2868	-5.28209	6	HGDP	Africa
49.6853	26.846	1.01974	-3.78309	7	HGDP	Africa
25.0328	23.5693	2.07435	-4.81514	8	HGDP	Africa
14.6905	21.6031	2.95034	-5.56147	9	HGDP	Africa
20.164	23.3944	2.01863	-5.50758	10	HGDP	Africa
21.0175	24.0019	2.51044	-5.93774	11	HGDP	Africa
22.3973	23.7389	2.13232	-5.331	12	HGDP	Africa
21.3167	22.7423	2.48451	-5.78863	13	HGDP	Africa
23.0962	23.754	2.78471	-6.33219	14	HGDP	Africa
22.2094	22.7916	1.51559	-5.62405	15	HGDP	Africa
118.202	39.8726	-0.424197	-1.48769	16	HGDP	Africa
92.7166	35.1162	0.240342	-2.04578	17	HGDP	Africa
18.6291	22.6789	2.50809	-5.43	18	HGDP	Africa
21.3786	21.642	1.74684	-5.5618	19	HGDP	Africa
34.0152	24.765	1.69229	-5.06989	20	HGDP	Africa
20.411	22.937	2.26911	-5.73128	21	HGDP	Africa
25.8379	24.1469	1.63595	-5.6385	22	HGDP	Africa
23.1507	23.0747	2.14689	-5.00694	23	HGDP	Africa
19.8742	22.7128	1.95322	-5.46313	24	HGDP	Africa
21.6612	23.438	2.88102	-5.70811	25	HGDP	Africa
21.5094	23.7437	2.23169	-5.62948	26	HGDP	Africa
18.6315	22.9731	2.10159	-5.88467	27	HGDP	Africa
18.3282	-79.2346	-41.8857	-1.75275	70	HGDP	NorthAmerica
16.7696	-78.9107	-41.4486	-1.88741	71	HGDP	NorthAmerica
21.344	-83.5739	-44.9422	-2.12763	72	HGDP	NorthAmerica
17.3658	-82.3637	-41.2237	-1.83372	73	HGDP	NorthAmerica
19.4554	-89.352	-43.8937	-1.73008	74	HGDP	NorthAmerica
20.6548	-88.3779	-43.5265	-1.89713	75	HGDP	NorthAmerica
18.5945	-84.0321	-42.3646	-1.71574	76	HGDP	NorthAmerica
19.2518	-88.6999	-43.0955	-1.94333	77	HGDP	NorthAmerica
20.4419	-88.062	-43.9634	-1.73053	78	HGDP	NorthAmerica
20.9026	-88.1981	-44.0049	-1.97655	79	HGDP	NorthAmerica
17.1554	-79.9697	-40.403	-1.84962	80	HGDP	NorthAmerica
10.5104	-43.6414	9.53925	-0.714809	84	HGDP	Asia
4.80025	-31.9933	8.07211	-0.900833	85	HGDP	Asia
11.7412	-41.079	10.342	-0.224339	86	HGDP	Asia
11.9949	-43.8189	9.40875	-0.110405	87	HGDP	Asia
4.27431	-29.1476	6.76921	-0.8769	88	HGDP	Asia
9.28196	-41.5732	8.96919	-0.0997999	89	HGDP	Asia
8.21373	-37.2461	9.15822	-0.965837	90	HGDP	Asia
12.228	-45.7733	10.0421	-0.502977	91	HGDP	Asia
11.6417	-43.04	8.99475	-0.0659667	92	HGDP	Asia
10.6846	-42.299	8.77229	-0.537031	93	HGDP	Asia
6.62706	-34.5105	8.61501	-0.185842	94	HGDP	Asia
7.89519	-38.3557	9.83739	-0.54726	95	HGDP	Asia
10.6308	-41.3965	9.57975	-0.567747	96	HGDP	Asia
8.38447	-38.5732	8.89274	-0.363313	97	HGDP	Asia
10.7932	-41.7973	9.90803	-0.548024	98	HGDP	Asia
9.9791	-42.104	9.87922	-0.17488	99	HGDP	Asia
-1.06885	-19.2248	5.87375	-2.14164	100	HGDP	Asia
31.0987	-84.5895	13.5617	0.922622	101	HGDP	Asia
32.6756	-85.3682	18.1042	1.22025	102	HGDP	Asia
32.0015	-84.7903	15.8088	0.989722	103	HGDP	Asia
30.0182	-84.3171	14.1429	0.970604	104	HGDP	Asia
30.5987	-83.3762	15.269	1.05962	105	HGDP	Asia
33.1167	-86.3257	16.6382	1.08608	106	HGDP	Asia
31.054	-84.9991	16.1059	1.17579	107	HGDP	Asia
29.7092	-84.3901	12.2742	1.61327	108	HGDP	Asia
30.3744	-83.5609	17.1871	0.621637	109	HGDP	Asia
30.8083	-82.6351	18.304	0.492142	110	HGDP	Asia
32.6558	-83.6103	18.2113	1.09075	111	HGDP	Asia
32.095	-84.8754	19.6055	0.800609	112	HGDP	Asia
25.6016	-73.9239	13.1622	1.13916	113	HGDP	Asia
30.1188	-81.0176	18.9303	1.0725	114	HGDP	Asia
30.9778	-82.4299	18.4247	1.25966	115	HGDP	Asia
26.9526	-74.8137	13.7912	1.11436	116	HGDP	Asia
26.9479	-76.057	14.1843	1.02463	117	HGDP	Asia
31.3943	-84.3432	19.0161	0.867166	118	HGDP	Asia
33.7712	-82.8838	18.8478	0.423418	119	HGDP	Asia
8.10247	-37.4185	8.31908	-0.293437	120	HGDP	Asia
4.53811	-33.3998	8.23897	-0.262955	121	HGDP	Asia
7.02339	-40.152	9.37501	0.161931	122	HGDP	Asia
6.36344	-37.0006	7.81048	-0.230769	123	HGDP	Asia
9.60397	-40.5087	9.1016	0.0539257	124	HGDP	Asia
12.8749	-51.2	10.6226	0.655699	125	HGDP	Asia
5.61559	-35.6286	8.17	-0.218782	126	HGDP	Asia
11.3933	-46.5701	11.0302	-0.15435	127	HGDP	Asia
12.2628	-44.9935	9.93667	-0.0637691	128	HGDP	Asia
9.77299	-41.0087	9.30062	0.226809	129	HGDP	Asia
35.0564	-86.9405	22.2878	0.806073	130	1000Genomes	Asia
35.0894	-88.3578	22.8497	0.876191	131	1000Genomes	Asia
32.9662	-87.0263	20.8607	0.774839	132	1000Genomes	Asia
35.0754	-85.6254	21.0896	0.809975	133	1000Genomes	Asia
34.7993	-87.3373	21.1225	0.67213	134	1000Genomes	Asia
35.046	-88.1786	22.2269	1.07031	135	1000Genomes	Asia
35.508	-88.0999	22.9559	0.837291	136	1000Genomes	Asia
34.1921	-87.0466	21.5623	1.17278	137	1000Genomes	Asia
33.0736	-86.2041	21.3391	0.982522	138	1000Genomes	Asia
33.8928	-86.5918	22.2959	1.255	139	1000Genomes	Asia
32.9207	-86.2195	21.5734	1.13244	140	1000Genomes	Asia
34.1039	-85.6222	20.9567	1.07561	141	1000Genomes	Asia
33.5251	-87.0603	21.0702	0.610948	142	1000Genomes	Asia
34.4173	-86.2883	21.427	1.0252	143	1000Genomes	Asia
34.8551	-86.6912	20.9373	0.706576	144	1000Genomes	Asia
35.3647	-89.3673	23.2789	1.11325	145	1000Genomes	Asia
32.6222	-86.3499	22.0816	0.582732	146	1000Genomes	Asia
34.9374	-88.7068	22.5226	0.846091	147	1000Genomes	Asia
34.5866	-87.912	22.2307	1.10222	148	1000Genomes	Asia
34.9151	-86.1652	21.1377	0.956476	149	1000Genomes	Asia
32.7571	-86.7835	20.6222	0.95842	150	1000Genomes	Asia
35.7741	-89.2297	23.0778	0.974874	151	1000Genomes	Asia
35.4995	-86.5009	23.8309	1.12994	152	1000Genomes	Asia
33.4249	-88.1806	21.6437	1.17799	153	1000Genomes	Asia
33.9297	-86.9478	20.3998	0.994599	154	1000Genomes	Asia
34.385	-86.6456	21.8046	0.834391	155	1000Genomes	Asia
35.062	-87.7799	21.1986	0.299796	156	1000Genomes	Asia
33.1912	-86.5736	20.6972	1.10925	157	1000Genomes	Asia
33.1359	-87.606	22.7873	0.763606	158	1000Genomes	Asia
35.4671	-88.3709	22.818	1.20857	159	1000Genomes	Asia
32.9939	-85.7355	21.7593	0.71705	160	1000Genomes	Asia
34.3211	-86.1393	20.9318	1.01034	161	1000Genomes	Asia
32.6655	-86.1515	21.2113	0.735676	162	1000Genomes	Asia
34.0562	-85.9121	20.7897	0.84128	163	1000Genomes	Asia
35.6982	-88.3202	22.6889	1.0387	164	1000Genomes	Asia
33.1493	-87.3436	21.1573	0.75905	165	1000Genomes	Asia
35.04	-88.551	21.099	0.891334	166	1000Genomes	Asia
35.2321	-88.5854	23.2994	0.740533	167	1000Genomes	Asia
34.9916	-86.2124	22.7145	1.06294	168	1000Genomes	Asia
35.8752	-89.5717	21.8144	0.452112	169	1000Genomes	Asia
34.4335	-87.1656	22.947	1.13505	170	1000Genomes	Asia
32.8309	-87.8438	21.1948	0.70228	171	1000Genomes	Asia
33.5923	-85.6171	21.0383	1.01344	172	1000Genomes	Asia
35.1397	-89.0229	22.6583	1.23203	173	1000Genomes	Asia
34.6919	-86.923	20.8163	0.899629	174	1000Genomes	Asia
34.96	-88.819	23.294	1.08535	175	1000Genomes	Asia
34.0739	-90.0722	23.1011	1.43843	176	1000Genomes	Asia
34.4156	-87.4673	21.8305	1.0885	177	1000Genomes	Asia
34.4387	-87.7881	21.656	1.14799	178	1000Genomes	Asia
33.7158	-86.9365	21.8451	0.861842	179	1000Genomes	Asia
35.5101	-89.6007	22.8547	0.833273	180	1000Genomes	Asia
33.3945	-86.8243	21.4048	0.783064	181	1000Genomes	Asia
34.2898	-86.651	20.8663	0.656312	182	1000Genomes	Asia
32.9467	-87.4914	21.1407	1.0564	183	1000Genomes	Asia
34.9423	-88.2218	22.4734	1.3289	184	1000Genomes	Asia
34.1449	-87.6235	21.8899	1.33648	185	1000Genomes	Asia
35.2659	-88.2163	23.4228	1.04182	186	1000Genomes	Asia
32.126	-86.6354	20.837	1.00552	187	1000Genomes	Asia
32.5542	-86.1279	20.6061	0.96023	188	1000Genomes	Asia
33.742	-88.0377	21.3503	0.724265	189	1000Genomes	Asia
34.9282	-86.713	20.7776	0.818717	190	1000Genomes	Asia
34.7851	-87.9381	21.1588	0.736054	191	1000Genomes	Asia
33.7793	-87.8392	20.0119	0.599199	192	1000Genomes	Asia
33.8838	-88.1821	22.5538	0.791576	193	1000Genomes	Asia
34.0411	-87.1519	22.2857	0.370845	194	1000Genomes	Asia
33.885	-89.4805	23.0826	0.86942	195	1000Genomes	Asia
33.9136	-86.9976	22.7574	0.639246	196	1000Genomes	Asia
34.1242	-86.2907	20.9659	0.730434	197	1000Genomes	Asia
33.0705	-86.2286	22.6181	1.04803	198	1000Genomes	Asia
33.9338	-87.2182	21.5601	0.744715	199	1000Genomes	Asia
33.3659	-87.9706	21.4994	0.795276	200	1000Genomes	Asia
34.8241	-86.7905	23.2308	0.982791	201	1000Genomes	Asia
32.5939	-85.8842	21.063	1.39249	202	1000Genomes	Asia
33.6056	-87.4868	22.8769	1.42642	203	1000Genomes	Asia
33.8944	-87.8058	21.1691	0.847684	204	1000Genomes	Asia
33.9538	-85.4874	20.9604	1.21627	205	1000Genomes	Asia
33.676	-87.6768	22.835	1.18203	206	1000Genomes	Asia
35.4645	-88.2994	23.703	0.938186	207	1000Genomes	Asia
34.8836	-86.8811	23.2474	1.10105	208	1000Genomes	Asia
34.1959	-87.7159	23.245	0.549187	209	1000Genomes	Asia
34.6017	-88.9593	22.5209	0.750379	210	1000Genomes	Asia
36.0456	-89.3822	23.2267	1.31532	211	1000Genomes	Asia
34.9384	-89.2035	21.6376	0.899211	212	1000Genomes	Asia
35.2988	-88.0685	22.2744	1.00269	213	1000Genomes	Asia
34.0207	-87.1402	20.8749	0.77709	214	1000Genomes	Asia
36.6308	-88.1405	24.1746	0.755686	215	1000Genomes	Asia
35.4888	-87.2303	22.8794	1.02774	216	1000Genomes	Asia
34.8221	-87.3185	23.1832	0.719849	217	1000Genomes	Asia
35.195	-88.69	23.4646	0.674085	218	1000Genomes	Asia
34.6552	-88.1263	21.214	0.357108	219	1000Genomes	Asia
36.1345	-87.5371	21.2238	0.87533	220	1000Genomes	Asia
33.5017	-83.7726	20.0698	1.09604	221	1000Genomes	Asia
34.4759	-87.1302	21.6032	0.771228	222	1000Genomes	Asia
34.6588	-87.6667	22.6672	0.659789	223	1000Genomes	Asia
35.6309	-89.5503	23.1833	0.515269	224	1000Genomes	Asia
33.615	-87.3794	21.6375	0.544702	225	1000Genomes	Asia
33.6077	-85.8155	21.0513	0.524055	226	1000Genomes	Asia
32.3987	-85.1826	20.3783	0.783576	227	1000Genomes	Asia
34.9932	-87.2301	22.7109	0.987752	228	1000Genomes	Asia
35.827	-88.1403	23.1562	1.09223	229	1000Genomes	Asia
33.1938	-88.2129	21.7228	0.696463	230	1000Genomes	Asia
35.0186	-88.6941	22.5344	1.04499	231	1000Genomes	Asia
34.7081	-87.4748	23.1705	0.992612	232	1000Genomes	Asia
33.6885	-87.3596	20.7602	0.887695	233	1000Genomes	Asia
33.132	-86.617	20.9625	0.974665	234	1000Genomes	Asia
34.6686	-86.4559	20.3226	0.533783	235	1000Genomes	Asia
36.193	-87.3677	24.2281	1.03965	236	1000Genomes	Asia
34.5287	-88.1849	22.9387	1.00442	237	1000Genomes	Asia
35.5263	-87.7981	22.9121	0.81275	238	1000Genomes	Asia
34.8268	-89.086	23.0997	0.843614	239	1000Genomes	Asia
35.3758	-88.828	24.2083	0.805043	240	1000Genomes	Asia
35.3292	-87.7692	22.9598	0.893589	241	1000Genomes	Asia
34.0798	-88.8863	22.5256	0.847596	242	1000Genomes	Asia
35.6062	-88.6799	23.2642	1.14285	243	1000Genomes	Asia
34.452	-88.0372	23.3991	0.900609	244	1000Genomes	Asia
33.8931	-87.6709	23.535	1.07332	245	1000Genomes	Asia
34.7168	-89.1152	23.5698	0.922652	246	1000Genomes	Asia
34.5034	-88.6943	22.7387	0.87048	247	1000Genomes	Asia
34.3011	-89.2043	23.3081	1.29481	248	1000Genomes	Asia
35.127	-89.6493	23.9668	1.03787	249	1000Genomes	Asia
34.4577	-87.1985	23.0516	1.13544	250	1000Genomes	Asia
34.1639	-86.8049	23.4078	0.993882	251	1000Genomes	Asia
34.5408	-87.7156	22.7951	0.899427	252	1000Genomes	Asia
35.3398	-87.4393	22.607	0.829785	253	1000Genomes	Asia
34.9265	-89.1025	23.5201	1.18874	254	1000Genomes	Asia
35.9238	-87.7318	23.0704	1.07022	255	1000Genomes	Asia
35.0819	-88.1619	22.6823	1.33042	256	1000Genomes	Asia
34.7346	-88.7036	22.5838	0.765916	257	1000Genomes	Asia
34.6188	-87.7564	22.8902	0.781866	258	1000Genomes	Asia
34.6563	-88.4702	23.4031	1.22928	259	1000Genomes	Asia
35.0044	-88.6678	22.7375	0.968154	260	1000Genomes	Asia
34.9692	-89.0841	23.5935	1.28176	261	1000Genomes	Asia
34.9172	-87.8011	23.5463	0.838628	262	1000Genomes	Asia
34.7452	-88.1103	22.7747	0.571622	263	1000Genomes	Asia
35.4152	-87.9933	23.2388	0.937311	264	1000Genomes	Asia
34.5341	-87.6162	23.1435	1.05248	265	1000Genomes	Asia
34.1887	-87.8147	23.2488	1.05296	266	1000Genomes	Asia
35.1988	-88.058	23.5984	1.03488	267	1000Genomes	Asia
34.5917	-88.415	22.7907	1.28685	268	1000Genomes	Asia
33.7096	-87.4429	22.4401	1.08037	269	1000Genomes	Asia
35.9532	-88.7224	23.8825	0.893273	270	1000Genomes	Asia
34.4035	-88.1826	23.5775	0.773705	271	1000Genomes	Asia
34.3989	-87.5498	22.7102	1.21162	272	1000Genomes	Asia
34.1151	-87.6842	22.4516	0.975639	273	1000Genomes	Asia
34.9442	-88.5294	22.7776	0.943926	274	1000Genomes	Asia
35.146	-88.0674	23.5002	0.932607	275	1000Genomes	Asia
34.5385	-89.1825	23.5283	1.2323	276	1000Genomes	Asia
35.2442	-89.5312	23.2341	1.39178	277	1000Genomes	Asia
33.9353	-87.9966	23.2401	0.949602	278	1000Genomes	Asia
35.5112	-89.4172	22.4949	0.598339	279	1000Genomes	Asia
34.4648	-87.922	22.8523	1.06036	280	1000Genomes	Asia
35.7948	-89.7603	23.1776	0.899659	281	1000Genomes	Asia
34.2818	-90.1763	23.262	1.34078	282	1000Genomes	Asia
35.736	-89.1711	23.1303	1.40616	283	1000Genomes	Asia
34.7655	-88.7396	22.8272	1.07976	284	1000Genomes	Asia
34.9154	-87.4318	24.3575	1.00697	285	1000Genomes	Asia
35.4888	-87.8999	23.3757	1.06778	286	1000Genomes	Asia
34.862	-88.0315	22.3324	0.89816	287	1000Genomes	Asia
33.8564	-86.3469	23.1418	1.30867	288	1000Genomes	Asia
32.5989	-86.7261	21.4288	1.34808	289	1000Genomes	Asia
35.1039	-88.7886	23.2275	1.14509	290	1000Genomes	Asia
35.8052	-89.8387	23.9242	0.937816	291	1000Genomes	Asia
35.6458	-89.2406	23.6667	0.974983	292	1000Genomes	Asia
35.5437	-88.2321	23.3617	1.35576	293	1000Genomes	Asia
35.1341	-88.7498	22.6812	1.03728	294	1000Genomes	Asia
34.511	-88.2829	22.8954	1.304	295	1000Genomes	Asia
34.6552	-87.879	23.9335	1.28015	296	1000Genomes	Asia
34.2077	-88.726	23.0451	1.10574	297	1000Genomes	Asia
34.997	-88.6805	23.7061	0.819002	298	1000Genomes	Asia
35.5963	-87.3413	23.9211	0.891521	299	1000Genomes	Asia
34.2325	-89.6217	23.6241	1.07351	300	1000Genomes	Asia
34.9305	-88.0295	22.5166	1.1035	301	1000Genomes	Asia
34.7634	-88.3981	23.2069	0.952399	302	1000Genomes	Asia
34.9059	-88.5658	24.0849	1.02652	303	1000Genomes	Asia
33.5805	-88.6296	23.1757	1.13945	304	1000Genomes	Asia
35.3074	-88.203	23.8889	1.26214	305	1000Genomes	Asia
34.9555	-88.6739	23.4529	1.06542	306	1000Genomes	Asia
34.486	-87.981	23.9863	0.861036	307	1000Genomes	Asia
34.1232	-87.1262	23.2401	1.23794	308	1000Genomes	Asia
37.0083	-87.4238	24.0783	1.15467	309	1000Genomes	Asia
34.2698	-88.124	23.7211	0.664677	310	1000Genomes	Asia
35.5925	-87.319	22.8588	1.12786	311	1000Genomes	Asia
34.9018	-88.2416	23.355	0.901455	312	1000Genomes	Asia
34.5007	-88.2515	22.9147	1.22711	313	1000Genomes	Asia
34.3117	-88.1696	23.9921	0.840929	314	1000Genomes	Asia
34.3034	-88.2869	22.9243	0.886164	315	1000Genomes	Asia
35.4726	-88.0706	23.717	0.97244	316	1000Genomes	Asia
35.076	-87.9573	23.0059	0.913466	317	1000Genomes	Asia
34.699	-88.2863	22.6152	1.13578	318	1000Genomes	Asia
34.5517	-88.0526	23.0055	0.940623	319	1000Genomes	Asia
35.4074	-89.0173	23.2218	0.790887	320	1000Genomes	Asia
36.7605	-88.6646	23.7799	1.145	321	1000Genomes	Asia
34.7756	-87.8741	22.7612	1.37349	322	1000Genomes	Asia
34.8446	-88.1208	23.2814	1.32599	323	1000Genomes	Asia
35.4532	-87.8795	24.1794	1.14009	324	1000Genomes	Asia
33.2479	-86.3965	22.5182	1.08824	325	1000Genomes	Asia
35.2451	-88.1716	24.3002	0.993582	326	1000Genomes	Asia
35.539	-88.1455	23.8715	1.14412	327	1000Genomes	Asia
35.6729	-88.583	23.2955	0.813779	328	1000Genomes	Asia
34.6855	-86.8089	23.9247	1.4614	329	1000Genomes	Asia
34.1689	-85.5529	24.0744	0.55969	330	1000Genomes	Asia
33.702	-85.106	24.0443	0.724827	331	1000Genomes	Asia
35.0696	-86.1789	24.2433	1.30925	332	1000Genomes	Asia
36.1419	-86.0962	24.1043	1.15121	333	1000Genomes	Asia
34.5376	-86.7644	24.8653	0.79719	334	1000Genomes	Asia
35.1423	-85.802	23.7712	0.857184	335	1000Genomes	Asia
35.2455	-86.291	23.656	0.583367	336	1000Genomes	Asia
36.9685	-87.1012	24.0542	0.569551	337	1000Genomes	Asia
35.5708	-85.505	24.2166	0.815336	338	1000Genomes	Asia
35.406	-85.7404	24.9116	0.800382	339	1000Genomes	Asia
35.2945	-85.8432	24.1144	1.14898	340	1000Genomes	Asia
33.2848	-86.6362	23.8051	1.04656	341	1000Genomes	Asia
35.0692	-85.3218	23.6322	0.884364	342	1000Genomes	Asia
33.5194	-84.5657	23.0448	1.11106	343	1000Genomes	Asia
34.3831	-85.0593	24.2913	1.27015	344	1000Genomes	Asia
33.6407	-84.7505	23.3849	1.0405	345	1000Genomes	Asia
33.7224	-84.2097	23.5165	0.787851	346	1000Genomes	Asia
34.9083	-85.8162	23.5321	0.800711	347	1000Genomes	Asia
36.0351	-87.6571	24.8507	1.30397	348	1000Genomes	Asia
34.9925	-87.3854	24.1416	0.979979	349	1000Genomes	Asia
35.9413	-86.7402	24.248	0.875478	350	1000Genomes	Asia
34.9967	-87.0708	22.6057	1.20145	351	1000Genomes	Asia
34.7899	-88.4868	24.5749	1.0939	352	1000Genomes	Asia
35.7029	-87.0458	24.0145	1.05932	353	1000Genomes	Asia
35.4634	-85.6342	24.3407	1.12901	354	1000Genomes	Asia
36.2602	-85.9293	24.4844	1.23358	355	1000Genomes	Asia
35.1244	-86.2536	24.2879	1.17551	356	1000Genomes	Asia
35.9006	-86.8733	24.2612	1.28658	357	1000Genomes	Asia
36.2514	-86.0818	24.4315	1.25016	358	1000Genomes	Asia
33.7176	-85.357	24.3028	1.08152	359	1000Genomes	Asia
34.0091	-85.7659	24.1974	1.05422	360	1000Genomes	Asia
34.0817	-85.5205	24.7733	0.938572	361	1000Genomes	Asia
34.2347	-85.5674	24.0699	1.15285	362	1000Genomes	Asia
33.9642	-86.162	24.6622	1.28242	363	1000Genomes	Asia
35.0549	-87.4515	23.8791	1.13313	364	1000Genomes	Asia
34.7436	-84.8758	23.7187	1.15009	365	1000Genomes	Asia
34.584	-85.9188	23.5527	1.04982	366	1000Genomes	Asia
35.3989	-86.0155	24.5393	0.927567	367	1000Genomes	Asia
37.0558	-85.6537	25.2773	0.962137	368	1000Genomes	Asia
35.2086	-85.7077	24.0119	0.869415	369	1000Genomes	Asia
34.2575	-84.4587	23.7538	0.953258	370	1000Genomes	Asia
34.0873	-83.9938	24.4773	1.24697	371	1000Genomes	Asia
34.5923	-85.0796	24.0766	1.02104	372	1000Genomes	Asia
35.4683	-84.3815	23.2966	0.833942	373	1000Genomes	Asia
34.5272	-84.9381	24.2945	0.917701	374	1000Genomes	Asia
33.6278	-84.1222	23.8715	0.765826	375	1000Genomes	Asia
33.9276	-85.1617	23.0243	1.27452	376	1000Genomes	Asia
35.1605	-85.1381	23.8996	1.06755	377	1000Genomes	Asia
33.0343	-83.2044	23.4299	0.937801	378	1000Genomes	Asia
34.8243	-85.5541	23.4493	1.50473	379	1000Genomes	Asia
34.2487	-85.9779	24.1134	1.22813	380	1000Genomes	Asia
33.393	-83.8595	23.4606	0.8504	381	1000Genomes	Asia
34.8568	-85.5163	23.8019	1.05292	382	1000Genomes	Asia
35.0057	-83.6535	23.5075	1.00739	383	1000Genomes	Asia
34.8549	-86.3114	23.6562	1.10111	384	1000Genomes	Asia
35.4142	-85.0165	24.2327	1.05495	385	1000Genomes	Asia
33.7699	-85.9807	24.2037	1.12951	386	1000Genomes	Asia
35.0896	-87.0372	23.7257	0.670693	387	1000Genomes	Asia
34.2148	-84.5665	24.1885	0.703009	388	1000Genomes	Asia
33.9569	-84.7629	23.9395	0.969895	389	1000Genomes	Asia
34.2828	-86.3611	23.2938	0.873538	390	1000Genomes	Asia
35.3789	-85.3381	24.3271	1.09629	391	1000Genomes	Asia
34.2762	-85.5909	24.3825	0.739171	392	1000Genomes	Asia
33.3993	-84.2115	22.9097	0.701593	393	1000Genomes	Asia
34.5751	-84.7145	23.5133	1.08542	394	1000Genomes	Asia
34.3206	-84.8114	23.9158	1.00983	395	1000Genomes	Asia
34.7594	-86.4403	23.7605	0.901698	396	1000Genomes	Asia
34.4075	-85.9417	23.6385	0.748209	397	1000Genomes	Asia
34.5594	-85.1856	23.6045	0.548149	398	1000Genomes	Asia
33.3728	-84.0883	22.701	1.06524	399	1000Genomes	Asia
32.5261	-84.3089	23.9934	0.857939	400	1000Genomes	Asia
33.347	-85.036	22.9165	0.662619	401	1000Genomes	Asia
34.8236	-84.0975	23.9943	0.901551	402	1000Genomes	Asia
33.1305	-80.0378	22.1186	0.631384	403	1000Genomes	Asia
33.3601	-84.5279	23.6767	0.70109	404	1000Genomes	Asia
33.8051	-84.6936	23.5587	1.20026	405	1000Genomes	Asia
34.3056	-84.5714	23.6862	1.10129	406	1000Genomes	Asia
35.4333	-85.0167	23.4091	0.801475	407	1000Genomes	Asia
34.3812	-86.5918	23.9046	0.732878	408	1000Genomes	Asia
34.7072	-86.3198	23.8875	1.0651	409	1000Genomes	Asia
33.2603	-83.896	24.3424	1.18019	410	1000Genomes	Asia
35.6715	-87.6797	24.0443	0.736712	411	1000Genomes	Asia
35.6009	-86.6049	23.9206	1.00896	412	1000Genomes	Asia
33.432	-85.1509	23.2533	0.941657	413	1000Genomes	Asia
33.914	-84.3393	23.6454	0.814743	414	1000Genomes	Asia
33.8426	-85.0922	23.8435	1.03914	415	1000Genomes	Asia
34.4334	-83.7282	23.724	0.567384	416	1000Genomes	Asia
34.2226	-84.7991	23.7925	0.295636	417	1000Genomes	Asia
33.7342	-84.4243	23.6422	1.02871	418	1000Genomes	Asia
34.3593	-84.1726	23.5389	1.1503	419	1000Genomes	Asia
34.5638	-84.8349	23.8621	0.847817	420	1000Genomes	Asia
35.0218	-85.9681	22.9901	1.14831	421	1000Genomes	Asia
34.9897	-82.2077	22.8371	0.914041	422	1000Genomes	Asia
33.2627	-85.2783	23.408	1.34074	423	1000Genomes	Asia
34.9557	-85.0199	23.4159	0.932907	424	1000Genomes	Asia
34.3433	-84.7781	23.6301	1.3129	425	1000Genomes	Asia
33.5608	-85.0698	24.2753	0.684692	426	1000Genomes	Asia
33.5829	-84.0427	23.2298	0.848135	427	1000Genomes	Asia
34.0226	-85.3658	23.8732	1.24425	428	1000Genomes	Asia
32.431	-83.9433	23.509	1.05349	429	1000Genomes	Asia
34.4647	-85.8535	23.9856	1.04214	430	1000Genomes	Asia
34.1911	-86.0311	23.8043	0.866459	431	1000Genomes	Asia
34.6144	-85.2582	24.1933	0.939127	432	1000Genomes	Asia
34.2476	-85.0738	23.5472	0.599521	433	1000Genomes	Asia
34.9948	-85.6498	22.9361	1.01791	434	1000Genomes	Asia
35.5408	-84.8759	23.1986	0.761673	435	1000Genomes	Asia
33.3771	-84.9312	23.9574	1.25495	436	1000Genomes	Asia
33.2411	-84.939	23.1462	0.843151	437	1000Genomes	Asia
33.7653	-84.8993	23.9121	1.66967	438	1000Genomes	Asia
34.9977	-86.0564	23.8351	0.506029	439	1000Genomes	Asia
33.9491	-84.8204	23.4672	0.924726	440	1000Genomes	Asia
33.5053	-84.6507	23.0445	0.886164	441	1000Genomes	Asia
33.9527	-83.9605	23.3049	0.845002	442	1000Genomes	Asia
34.6069	-85.6293	23.7078	0.833181	443	1000Genomes	Asia
34.8891	-85.743	23.8516	1.06612	444	1000Genomes	Asia
33.8883	-84.4416	23.6015	0.766366	445	1000Genomes	Asia
33.3123	-85.9016	23.3673	0.928457	446	1000Genomes	Asia
32.8706	-79.2671	21.8099	0.719298	447	1000Genomes	Asia
34.9503	-84.4778	24.0742	0.866762	448	1000Genomes	Asia
34.9582	-85.67	24.8569	0.774796	449	1000Genomes	Asia
34.2478	-83.5111	24.1712	0.799579	450	1000Genomes	Asia
34.6451	-85.405	23.8122	0.96653	451	1000Genomes	Asia
34.9764	-84.2019	23.5564	1.12712	452	1000Genomes	Asia
34.4037	-85.2155	23.5196	0.720968	453	1000Genomes	Asia
33.4621	-85.427	23.4208	0.765117	454	1000Genomes	Asia
34.9235	-85.3451	24.1156	0.613195	455	1000Genomes	Asia
29.3955	-75.9353	21.9567	0.698526	456	1000Genomes	Asia
34.8598	-84.8165	24.0909	1.44005	457	1000Genomes	Asia
35.1269	-85.2725	24.1295	0.894704	458	1000Genomes	Asia
34.0834	-84.6492	23.8119	1.11374	459	1000Genomes	Asia
34.386	-86.9051	23.7201	0.792398	460	1000Genomes	Asia
34.6322	-85.5712	23.8425	1.45034	461	1000Genomes	Asia
34.7735	-85.9534	24.4415	1.03446	462	1000Genomes	Asia
35.4406	-86.5845	24.2383	1.01781	463	1000Genomes	Asia
33.7378	-85.2704	22.7449	0.897697	464	1000Genomes	Asia
35.608	-86.9789	24.0717	1.17284	465	1000Genomes	Asia
36.2882	-86.694	25.2244	1.00091	466	1000Genomes	Asia
35.2726	-85.3509	23.7008	1.04553	467	1000Genomes	Asia
35.5483	-87.3248	25.4055	0.823443	468	1000Genomes	Asia
34.7043	-85.6849	23.7699	0.797442	469	1000Genomes	Asia
34.4181	-86.5544	23.3683	1.20953	470	1000Genomes	Asia
33.1839	-86.4072	24.0735	1.30581	471	1000Genomes	Asia
35.8864	-85.4675	24.1712	0.92556	472	1000Genomes	Asia
35.4583	-86.7279	23.2818	0.600645	473	1000Genomes	Asia
35.2371	-86.2717	23.8396	1.3079	474	1000Genomes	Asia
34.528	-87.1439	23.5384	1.16623	475	1000Genomes	Asia
34.5329	-85.8702	23.9719	1.01755	476	1000Genomes	Asia
34.2412	-85.3188	23.6934	0.912111	477	1000Genomes	Asia
34.5272	-85.8669	24.4127	1.22518	478	1000Genomes	Asia
35.1319	-86.2775	24.4195	1.56362	479	1000Genomes	Asia
35.8602	-86.1067	23.8711	0.980648	480	1000Genomes	Asia
34.7213	-86.3082	24.222	1.02082	481	1000Genomes	Asia
37.4198	-86.0494	24.2402	1.0806	482	1000Genomes	Asia
36.1803	-86.4848	23.6874	1.05452	483	1000Genomes	Asia
33.4932	-86.1461	24.5205	1.3786	484	1000Genomes	Asia
35.7009	-85.6652	23.9086	0.769185	485	1000Genomes	Asia
33.1958	-85.3287	24.246	0.809775	486	1000Genomes	Asia
34.4836	-86.0624	24.3101	1.17952	487	1000Genomes	Asia
33.9205	-85.6287	23.2232	0.894456	488	1000Genomes	Asia
35.4571	-86.2704	23.8679	0.931674	489	1000Genomes	Asia
35.1143	-86.8296	24.1071	1.19274	490	1000Genomes	Asia
36.4933	-85.8324	24.5318	1.07809	491	1000Genomes	Asia
34.6268	-84.8682	23.5772	0.858193	492	1000Genomes	Asia
35.1535	-87.3653	24.1828	0.499501	493	1000Genomes	Asia
34.6175	-86.194	23.9374	1.09669	494	1000Genomes	Asia
34.372	-87.0712	24.8584	0.933389	495	1000Genomes	Asia
35.0489	-86.8742	24.4755	0.927057	496	1000Genomes	Asia
34.8176	-84.8087	23.3487	1.02273	497	1000Genomes	Asia
35.7655	-85.8089	23.4563	0.6997	498	1000Genomes	Asia
35.1507	-87.3621	24.7439	1.08833	499	1000Genomes	Asia
34.4939	-85.3667	23.8174	0.668727	500	1000Genomes	Asia
34.4862	-85.6372	24.1975	0.982512	501	1000Genomes	Asia
35.4178	-85.7525	24.4865	0.81822	502	1000Genomes	Asia
35.2824	-86.5307	23.8002	1.10268	503	1000Genomes	Asia
34.1814	-85.8777	23.9781	0.958249	504	1000Genomes	Asia
34.4234	-85.2706	24.3168	0.603457	505	1000Genomes	Asia
35.8271	-85.5439	24.0603	1.17555	506	1000Genomes	Asia
33.5243	-85.8869	23.5987	1.18466	507	1000Genomes	Asia
35.0909	-85.961	24.0956	0.998049	508	1000Genomes	Asia
34.0005	-84.8021	24.6422	1.06966	509	1000Genomes	Asia
34.971	-85.5474	23.2524	0.664289	510	1000Genomes	Asia
33.8827	-85.8512	23.6566	1.02655	511	1000Genomes	Asia
32.7821	-75.7933	21.8653	0.624737	512	HGDP	Asia
33.7428	-84.1139	22.4156	0.754735	513	HGDP	Asia
32.3303	-74.5264	21.8495	0.614336	514	HGDP	Asia
33.6066	-79.5549	22.3153	0.662523	515	HGDP	Asia
31.1446	-72.5851	20.8306	0.563966	516	HGDP	Asia
35.0252	-81.3133	22.1403	0.923221	517	HGDP	Asia
33.9048	-76.3941	21.757	0.70258	518	HGDP	Asia
33.1543	-78.8289	22.3099	0.962262	519	HGDP	Asia
31.3145	-74.4284	21.483	-0.0178313	520	HGDP	Asia
31.8268	-73.2896	21.6188	0.423586	521	HGDP	Asia
36.218	-93.7096	24.3031	1.37464	522	HGDP	Asia
35.4702	-89.1389	23.7948	0.858369	523	HGDP	Asia
35.2803	-89.8151	23.9385	1.39055	524	HGDP	Asia
33.6993	-86.7069	21.1391	0.695419	525	HGDP	Asia
36.0904	-89.2957	23.4101	1.15193	526	HGDP	Asia
35.259	-90.073	23.0381	0.905259	527	HGDP	Asia
35.1414	-89.5937	23.8882	1.19785	528	HGDP	Asia
36.5376	-89.3151	25.0182	1.26299	529	HGDP	Asia
34.6422	-88.7635	22.0137	1.04078	530	HGDP	Asia
32.9501	-89.8212	21.6871	0.435278	531	HGDP	Asia
35.1416	-88.3095	23.6618	1.23315	532	HGDP	Asia
34.3796	-89.7353	24.7916	0.854704	533	HGDP	Asia
35.845	-91.6121	23.5672	1.14652	534	HGDP	Asia
34.5504	-90.1965	23.6213	1.30003	535	HGDP	Asia
34.5342	-89.308	24.6465	0.907164	536	HGDP	Asia
35.1584	-90.4034	23.8589	1.42702	537	HGDP	Asia
35.0267	-88.5078	22.116	1.14139	538	HGDP	Asia
34.156	-89.7492	23.0854	1.12828	539	HGDP	Asia
34.7928	-89.2276	23.7464	1.16464	540	HGDP	Asia
35.9648	-89.4148	23.7305	1.16667	541	HGDP	Asia
36.8255	-90.0022	24.6598	1.04932	542	HGDP	Asia
34.8622	-89.0301	24.4694	1.45913	543	HGDP	Asia
36.1509	-89.9814	24.4587	0.613694	544	HGDP	Asia
36.5361	-89.2548	23.4983	1.45332	545	HGDP	Asia
34.0968	-87.495	22.8749	0.608496	546	HGDP	Asia
35.1866	-90.1112	23.7968	0.869487	547	HGDP	Asia
35.2742	-90.945	23.7947	0.502763	548	HGDP	Asia
35.4529	-88.4161	23.4831	1.4059	549	HGDP	Asia
35.2975	-88.9422	24.5494	1.19061	550	HGDP	Asia
35.4108	-90.3415	22.5905	0.45765	551	HGDP	Asia
36.015	-90.7865	23.602	0.788581	552	HGDP	Asia
34.6332	-90.2698	23.9846	1.31284	553	HGDP	Asia
34.6012	-88.0091	22.2574	0.958149	554	HGDP	Asia
32.8007	-87.305	21.6514	0.651155	555	HGDP	Asia
34.6622	-89.1218	23.1867	0.770886	556	HGDP	Asia
36.5336	-88.822	23.0903	1.07239	557	HGDP	Asia
35.3325	-88.1883	23.0812	0.850116	558	HGDP	Asia
34.9142	-88.0993	23.0469	1.01148	559	HGDP	Asia
34.82	-88.2994	21.9776	1.0475	560	HGDP	Asia
35.0982	-88.3227	23.4037	0.950189	561	HGDP	Asia
35.248	-88.6366	23.2506	1.2503	562	HGDP	Asia
36.1366	-89.8335	23.4854	1.25108	563	HGDP	Asia
35.9948	-89.6852	23.8314	0.921977	564	HGDP	Asia
34.7099	-89.3577	23.3927	0.652758	565	HGDP	Asia
35.7085	-85.4627	21.1008	0.810888	566	HGDP	Asia
33.8173	-85.692	20.5032	1.02165	567	HGDP	Asia
33.5373	-85.4862	20.6687	0.879172	568	HGDP	Asia
34.0872	-84.2727	19.2223	0.769761	569	HGDP	Asia
35.5112	-85.5473	20.2695	0.685681	570	HGDP	Asia
34.033	-85.1262	19.904	0.744988	571	HGDP	Asia
34.5376	-85.8133	21.1727	0.933858	572	HGDP	Asia
35.6112	-85.5159	20.9903	0.540288	573	HGDP	Asia
35.3358	-89.0018	23.147	1.04654	574	HGDP	Asia
34.1044	-86.272	20.5357	0.467511	575	HGDP	Asia
35.1438	-88.2395	23.246	1.21367	576	HGDP	Asia
35.9024	-88.1048	23.5561	1.2084	577	HGDP	Asia
34.1713	-88.2539	23.2857	0.764808	578	HGDP	Asia
36.3165	-89.2705	23.6166	0.925486	579	HGDP	Asia
34.4186	-88.6326	24.1368	1.02621	580	HGDP	Asia
36.4803	-88.7412	22.9193	1.36557	581	HGDP	Asia
34.4837	-88.5255	23.148	0.80682	582	HGDP	Asia
34.0565	-88.7544	23.3151	1.23297	583	HGDP	Asia
34.8932	-89.4863	23.6699	1.04651	584	HGDP	Asia
34.8791	-89.4307	22.6491	1.08929	585	HGDP	Asia
33.7639	-86.0431	21.2782	0.690036	586	HGDP	Asia
33.7647	-86.1629	20.9892	0.477065	587	HGDP	Asia
33.268	-86.8365	20.874	0.53911	588	HGDP	Asia
33.4193	-86.4484	21.122	0.7962	589	HGDP	Asia
33.6515	-85.9263	21.3358	0.799089	590	HGDP	Asia
33.4533	-88.214	21.0408	0.729174	591	HGDP	Asia
34.3552	-85.3327	21.4851	0.659968	592	HGDP	Asia
33.2146	-86.089	22.3419	1.17316	593	HGDP	Asia
34.797	-86.376	21.3345	1.0619	594	HGDP	Asia
33.5704	-85.7396	20.7854	0.898661	595	HGDP	Asia
35.5075	-87.1239	24.9224	1.01321	596	HGDP	Asia
33.9394	-85.0835	24.4137	0.892045	597	HGDP	Asia
36.806	-87.6478	25.3744	1.31619	598	HGDP	Asia
34.539	-86.6937	25.2009	1.29005	599	HGDP	Asia
35.8175	-87.7237	25.7274	1.47746	600	HGDP	Asia
36.6493	-87.3439	24.0924	1.16341	601	HGDP	Asia
35.4307	-87.1682	24.9265	0.789644	602	HGDP	Asia
36.3778	-87.1162	24.5741	1.01095	603	HGDP	Asia
36.1644	-87.3215	24.9125	1.02848	604	HGDP	Asia
34.9	-87.513	24.972	0.947758	605	HGDP	Asia
35.6752	-87.4632	23.4954	1.05419	606	HGDP	Asia
33.7689	-84.9168	22.5703	0.829541	607	HGDP	Asia
35.2222	-85.4931	23.5589	1.05806	608	HGDP	Asia
34.1215	-84.5907	22.8268	0.878014	609	HGDP	Asia
35.4375	-84.6116	23.6432	0.785238	610	HGDP	Asia
34.2452	-86.1078	23.1658	0.839119	611	HGDP	Asia
35.0046	-85.8875	21.5757	1.08088	612	HGDP	Asia
35.6166	-88.777	23.7058	0.71813	613	HGDP	Asia
36.0434	-89.7358	24.3526	0.617363	614	HGDP	Asia
35.5823	-90.0701	23.6243	1.10713	615	HGDP	Asia
35.8702	-89.4308	22.9358	0.819316	616	HGDP	Asia
35.9157	-89.0225	23.4917	1.17391	617	HGDP	Asia
35.1113	-89.2079	22.8136	0.534849	618	HGDP	Asia
35.0109	-89.7445	23.688	0.965453	619	HGDP	Asia
36.1834	-88.2831	23.0909	0.851253	620	HGDP	Asia
37.0541	-88.8256	23.3654	1.18733	621	HGDP	Asia
34.2395	-84.5384	20.5274	0.722683	622	HGDP	Asia
34.6136	-85.78	21.5434	1.60454	623	HGDP	Asia
33.4734	-84.7988	20.451	0.504367	624	HGDP	Asia
34.5934	-85.7643	20.9721	1.03223	625	HGDP	Asia
34.0213	-84.7626	19.69	0.840304	626	HGDP	Asia
34.5781	-85.4388	21.4952	0.819467	627	HGDP	Asia
35.8056	-84.6837	21.1719	0.929009	628	HGDP	Asia
31.5324	-79.8737	19.1466	0.683729	629	HGDP	Asia
30.8148	-79.3999	18.3512	0.543567	630	HGDP	Asia
32.1326	-83.6774	18.8734	0.799493	631	HGDP	Asia
29.3763	-77.6156	18.5663	0.60078	632	HGDP	Asia
30.0971	-79.5009	19.3635	0.633402	633	HGDP	Asia
31.8815	-81.6293	19.1711	0.777016	634	HGDP	Asia
29.2307	-77.8511	18.133	1.02503	635	HGDP	Asia
32.2532	-82.2656	19.4326	0.697897	636	HGDP	Asia
32.7945	-81.3753	19.5449	1.03483	637	HGDP	Asia
30.5616	-78.2558	18.5157	0.64796	638	HGDP	Asia
32.7804	-84.5425	18.2466	0.943654	639	HGDP	Asia
29.9552	-82.2237	17.4884	0.508919	640	HGDP	Asia
31.714	-83.7213	17.8824	1.44412	641	HGDP	Asia
31.8423	-83.675	17.4112	0.903683	642	HGDP	Asia
29.6381	-82.8256	17.4131	0.565275	643	HGDP	Asia
32.4646	-83.6226	17.8025	1.22493	644	HGDP	Asia
31.3694	-84.8205	16.9029	1.06028	645	HGDP	Asia
32.2492	-85.2945	17.6747	0.768889	646	HGDP	Asia
31.5109	-84.5681	17.661	0.613456	647	HGDP	Asia
31.6704	-84.4758	16.6557	0.615964	648	HGDP	Asia
33.1534	-87.2251	18.3317	1.00377	649	HGDP	Asia
34.2731	-87.7706	18.5052	0.873164	650	HGDP	Asia
33.3218	-86.4336	15.4603	1.23392	651	HGDP	Asia
30.8123	-83.4312	18.34	1.3495	652	HGDP	Asia
32.6208	-85.7227	18.6192	0.714975	653	HGDP	Asia
33.4505	-86.3739	15.4981	0.51497	654	HGDP	Asia
32.5792	-85.5907	18.3488	0.627684	655	HGDP	Asia
32.5032	-85.5882	17.375	0.788037	656	HGDP	Asia
20.8172	-65.5616	14.8038	1.44045	657	HGDP	Asia
31.8924	-83.3185	19.1636	1.0762	658	HGDP	Asia
32.7721	-85.8482	19.1148	1.01305	659	HGDP	Asia
33.2047	-86.0005	18.785	0.827937	660	HGDP	Asia
27.0452	-75.8904	17.6456	0.936027	661	HGDP	Asia
30.0213	-82.0721	18.6512	0.801545	662	HGDP	Asia
31.6481	-84.5811	19.0773	0.48639	663	HGDP	Asia
31.3217	-82.0317	18.8559	0.782757	664	HGDP	Asia
31.9764	-85.6698	19.3452	1.0249	665	HGDP	Asia
-4.61893	-0.597146	3.49764	-3.75771	666	HGDP	Asia
-5.43146	-0.279949	4.54174	-4.47767	667	HGDP	Asia
-4.21525	-1.30528	3.92252	-4.28437	668	HGDP	Asia
-6.12212	-0.215571	4.2354	-4.37931	669	HGDP	Asia
-5.62446	0.263318	4.2035	-4.23622	670	HGDP	Asia
-5.57322	-0.657907	3.81235	-4.18069	671	HGDP	Asia
36.4258	11.9573	3.26139	-3.63466	672	HGDP	Asia
-6.3839	0.151545	4.31649	-4.32777	673	HGDP	Asia
-5.993	0.224258	3.58944	-4.61561	674	HGDP	Asia
-5.60519	-2.61536	3.61025	-3.967	675	HGDP	Asia
-1.23389	2.46063	4.17511	-3.95139	676	HGDP	Asia
-5.45913	0.383337	3.7418	-4.5793	677	HGDP	Asia
-5.95949	-1.46523	3.38295	-4.08896	678	HGDP	Asia
-1.3675	-0.227538	3.3628	-4.0553	679	HGDP	Asia
16.9995	4.9509	3.18633	-3.67317	680	HGDP	Asia
-5.24565	-1.24135	3.68103	-3.85266	681	HGDP	Asia
-7.54416	0.0681804	4.04519	-4.58047	682	HGDP	Asia
-2.34791	-2.16196	4.12016	-4.17844	683	HGDP	Asia
-5.93579	-0.583101	4.04992	-4.19766	684	HGDP	Asia
1.0013	-3.84133	4.01003	-3.75906	685	HGDP	Asia
-8.39759	-0.0284431	4.15338	-3.17879	686	HGDP	Asia
-1.65745	1.45053	3.62058	-4.29892	687	HGDP	Asia
-7.05674	0.0715373	3.89272	-4.45513	688	HGDP	Asia
2.15624	3.29287	3.79644	-4.63555	689	HGDP	Asia
-5.02035	-0.0867012	3.98203	-3.71689	690	HGDP	Asia
-7.12744	0.399662	4.0265	-4.10944	691	HGDP	Asia
-7.57935	2.10259	3.60591	-3.96985	692	HGDP	Asia
-2.14201	-7.29232	5.04608	-3.69684	693	HGDP	Asia
20.2688	8.06728	2.55072	-3.36141	694	HGDP	Asia
-5.66032	-2.88593	3.71353	-3.75267	695	HGDP	Asia
12.909	6.39909	3.0281	-3.7297	696	HGDP	Asia
-4.14682	2.55137	2.88061	-4.46025	697	HGDP	Asia
-6.04684	1.39538	3.58143	-4.78479	698	HGDP	Asia
-5.99163	0.189758	3.80652	-3.96028	699	HGDP	Asia
-4.00244	-5.32367	3.49764	-3.62495	700	HGDP	Asia
3.10864	-17.1026	6.01981	-2.16225	701	HGDP	Asia
-5.56107	0.82621	2.94726	-3.91387	702	HGDP	Asia
-5.92305	0.309219	4.08218	-4.49425	703	HGDP	Asia
8.04973	4.72117	3.09806	-3.90467	704	HGDP	Asia
0.607003	3.02032	3.08932	-3.58541	705	HGDP	Asia
-3.66488	0.670072	3.4094	-4.80523	706	HGDP	Asia
-7.1414	-1.22858	2.70182	-3.14947	707	HGDP	Asia
-6.43756	0.428003	3.3331	-4.69325	708	HGDP	Asia
-6.38214	1.10349	3.53083	-4.11613	709	HGDP	Asia
-1.86103	-1.88643	4.58289	-4.15157	710	HGDP	Asia
-3.6884	-2.81926	4.86068	-4.24949	711	HGDP	Asia
-3.0665	-1.46581	4.38956	-4.22598	712	HGDP	Asia
0.687753	-0.635169	4.5944	-3.33429	713	HGDP	Asia
57.9591	15.8026	1.78016	-2.40285	714	HGDP	Asia
-4.61123	2.32208	3.29171	-5.06446	715	HGDP	Asia
-5.48664	2.58298	3.94581	-5.18114	716	HGDP	Asia
2.87727	4.88516	2.94269	-4.74089	717	HGDP	Asia
-6.71253	0.961908	3.45381	-4.55731	718	HGDP	Asia
-0.575197	1.21833	3.60894	-4.4765	719	HGDP	Asia
-2.64852	3.64337	3.76132	-5.03192	720	HGDP	Asia
13.6913	7.87569	2.74655	-3.98182	721	HGDP	Asia
2.60348	2.17947	3.76149	-3.7741	722	HGDP	Asia
0.195611	4.19801	3.42769	-4.52431	723	HGDP	Asia
4.63068	-4.59274	3.60484	-3.05006	724	HGDP	Asia
-1.87474	2.91317	3.93015	-4.64827	725	HGDP	Asia
1.40846	2.43511	3.29444	-4.43699	726	HGDP	Asia
-4.08134	3.45427	3.5525	-4.91041	727	HGDP	Asia
0.736404	4.25856	2.83692	-4.7282	728	HGDP	Asia
10.0838	-2.87833	4.78204	-3.19738	729	HGDP	Asia
27.8727	9.35675	3.69546	-3.26016	730	HGDP	Asia
1.12439	3.25916	3.11284	-4.4201	731	HGDP	Asia
5.54516	5.12341	3.43726	-4.20727	732	HGDP	Asia
-4.83908	2.92399	3.26068	-4.69924	733	HGDP	Asia
-1.35378	3.02614	3.20489	-4.56665	734	HGDP	Asia
-5.5735	0.752881	2.99629	-4.56523	735	HGDP	Asia
-4.30945	1.44239	3.38876	-4.39616	736	HGDP	Asia
0.077561	1.72268	3.43435	-4.8255	737	HGDP	Asia
3.22774	-15.793	6.71925	-2.30091	738	1000Genomes	Asia
2.31673	-14.7294	5.836	-2.64008	739	1000Genomes	Asia
5.84238	-17.826	6.60877	-2.91059	740	1000Genomes	Asia
6.36295	-18.101	5.80737	-2.37655	741	1000Genomes	Asia
-1.27782	-11.6832	4.75541	-1.13164	742	1000Genomes	Asia
5.67317	-18.2895	6.88567	-2.54642	743	1000Genomes	Asia
1.67734	-15.1008	6.19453	-1.79322	744	1000Genomes	Asia
6.29874	-19.8179	6.18567	-2.53831	745	1000Genomes	Asia
1.57155	-14.1306	6.3947	-1.86478	746	1000Genomes	Asia
4.50241	-16.4313	7.23003	-2.21566	747	1000Genomes	Asia
-2.71672	-8.965	3.93652	-2.3836	748	1000Genomes	Asia
6.00112	-17.8907	7.12642	-2.88351	749	1000Genomes	Asia
5.8121	-19.3305	6.39213	-2.71195	750	1000Genomes	Asia
-2.54819	-10.641	4.03064	-1.18364	751	1000Genomes	Asia
7.44676	-19.3673	6.94162	-3.11585	752	1000Genomes	Asia
2.10188	-15.7857	5.81885	-1.97258	753	1000Genomes	Asia
4.52889	-18.0668	6.84657	-2.7499	754	1000Genomes	Asia
6.76851	-19.1456	6.52489	-3.08993	755	1000Genomes	Asia
5.08533	-18.8022	6.54783	-2.63464	756	1000Genomes	Asia
-3.21283	-7.77724	4.40981	-2.10679	757	1000Genomes	Asia
-1.01283	-9.84071	4.6512	-2.40058	758	1000Genomes	Asia
1.1751	-13.5846	5.01333	-1.81193	759	1000Genomes	Asia
5.44502	-17.56	7.0896	-2.53872	760	1000Genomes	Asia
5.29119	-18.1343	5.89577	-2.95944	761	1000Genomes	Asia
5.01012	-17.8606	6.32794	-2.3207	762	1000Genomes	Asia
4.11933	-18.3027	6.85515	-2.60148	763	1000Genomes	Asia
3.22823	-15.2116	6.17822	-2.24176	764	1000Genomes	Asia
-1.01992	-10.2522	5.04246	-1.92129	765	1000Genomes	Asia
0.366062	-13.3393	4.97131	-1.39702	766	1000Genomes	Asia
3.54984	-16.281	6.07335	-2.48826	767	1000Genomes	Asia
7.39368	-19.3285	7.0434	-2.62174	768	1000Genomes	Asia
0.896808	-13.5166	5.30867	-1.85323	769	1000Genomes	Asia
-1.3014	-13.243	4.7415	-1.92091	770	1000Genomes	Asia
3.87405	-15.7114	6.11549	-2.13149	771	1000Genomes	Asia
6.32594	-18.756	6.91863	-2.90167	772	1000Genomes	Asia
4.25407	-16.6191	6.7303	-2.80416	773	1000Genomes	Asia
1.69266	-13.0454	4.81511	-1.70188	774	1000Genomes	Asia
-0.771808	-12.5459	5.24918	-1.77601	775	1000Genomes	Asia
5.5938	-18.4281	6.54978	-2.61132	776	1000Genomes	Asia
1.52769	-14.3208	5.92595	-2.57988	777	1000Genomes	Asia
1.7255	-13.549	6.21155	-2.71527	778	1000Genomes	Asia
6.16969	-20.0154	6.73035	-2.17456	779	1000Genomes	Asia
8.42381	-22.0208	7.39199	-2.7894	780	1000Genomes	Asia
5.1617	-17.8587	6.59002	-2.6584	781	1000Genomes	Asia
4.23059	-17.2222	6.09441	-1.9694	782	1000Genomes	Asia
5.60359	-19.0753	6.47707	-2.5486	783	1000Genomes	Asia
2.86819	-14.0142	6.04424	-2.51491	784	1000Genomes	Asia
-2.88599	-11.0955	3.63253	-1.60481	785	1000Genomes	Asia
3.70214	-16.0369	6.41564	-2.592	786	1000Genomes	Asia
8.12667	-20.5451	7.22399	-2.2599	787	1000Genomes	Asia
7.66389	-20.8796	6.95691	-2.29871	788	1000Genomes	Asia
-2.79142	-10.6481	3.7543	-1.12793	789	1000Genomes	Asia
6.08407	-18.5693	6.66968	-2.65358	790	1000Genomes	Asia
5.78677	-18.4044	6.63149	-2.50329	791	1000Genomes	Asia
5.80551	-19.497	7.04181	-2.31289	792	1000Genomes	Asia
4.65133	-18.4604	5.99254	-2.23643	793	1000Genomes	Asia
4.95237	-17.4639	6.73717	-2.79937	794	1000Genomes	Asia
8.23385	-19.0258	7.05888	-3.11598	795	1000Genomes	Asia
5.87957	-18.4016	7.81721	-2.40856	796	1000Genomes	Asia
3.19473	-17.3838	6.10701	-2.5727	797	1000Genomes	Asia
6.61334	-18.6008	7.19987	-2.82634	798	1000Genomes	Asia
6.11902	-18.5187	6.61769	-3.03401	799	1000Genomes	Asia
4.96113	-18.4113	6.34695	-1.94153	800	1000Genomes	Asia
4.32284	-17.099	6.12781	-2.44117	801	1000Genomes	Asia
6.41843	-18.6349	6.81353	-2.87692	802	1000Genomes	Asia
4.12398	-16.9907	6.29406	-2.61083	803	1000Genomes	Asia
5.68585	-17.807	6.23023	-2.22072	804	1000Genomes	Asia
5.088	-18.3129	6.28149	-2.43481	805	1000Genomes	Asia
4.99202	-17.4281	6.68968	-2.76284	806	1000Genomes	Asia
6.52501	-18.6946	6.54207	-2.27161	807	1000Genomes	Asia
6.16649	-18.582	6.21101	-2.72112	808	1000Genomes	Asia
4.03208	-17.007	6.78813	-2.44842	809	1000Genomes	Asia
6.17372	-17.8451	6.84618	-3.06905	810	1000Genomes	Asia
4.79508	-16.6918	6.19787	-2.87754	811	1000Genomes	Asia
0.0135092	-10.27	4.77636	-2.04098	812	1000Genomes	Asia
6.31199	-18.188	7.17111	-2.51093	813	1000Genomes	Asia
4.82706	-18.872	7.16367	-2.38203	814	1000Genomes	Asia
6.98724	-18.6764	6.81171	-2.17664	815	1000Genomes	Asia
6.42477	-17.5795	7.23161	-2.82206	816	1000Genomes	Asia
5.20072	-18.7808	6.43449	-2.54837	817	1000Genomes	Asia
5.52489	-17.4393	5.6567	-2.31147	818	1000Genomes	Asia
4.98424	-18.5672	6.36668	-2.35583	819	1000Genomes	Asia
4.30879	-17.9836	7.73459	-2.69169	820	1000Genomes	Asia
5.43515	-18.3711	6.89581	-3.02405	821	1000Genomes	Asia
2.56797	-16.1095	6.11581	-2.43847	822	1000Genomes	Asia
6.76136	-18.57	6.95788	-2.44466	823	1000Genomes	Asia
6.14958	-17.1256	7.17301	-2.62967	824	1000Genomes	Asia
5.80272	-17.0018	6.72068	-3.05381	825	1000Genomes	Asia
5.38301	-18.5084	6.8583	-2.69825	826	1000Genomes	Asia
5.3316	-18.0313	6.926	-2.52648	827	1000Genomes	Asia
6.50813	-19.0242	6.8763	-2.61152	828	1000Genomes	Asia
5.85676	-17.9624	6.64112	-2.74009	829	1000Genomes	Asia
4.69278	-18.0347	6.78589	-2.34789	830	1000Genomes	Asia
5.43515	-18.8925	7.39067	-2.60154	831	1000Genomes	Asia
4.20961	-17.6277	6.64006	-2.33498	832	1000Genomes	Asia
5.17536	-18.1992	7.08821	-2.73932	833	1000Genomes	Asia
5.73102	-17.0377	6.09159	-2.65986	834	1000Genomes	Asia
5.44882	-17.9176	6.91148	-2.59136	835	1000Genomes	Asia
5.20655	-17.4116	6.34255	-2.71148	836	1000Genomes	Asia
5.88843	-18.4818	6.4852	-2.45058	837	1000Genomes	Asia
5.61907	-19.0155	6.94007	-2.68205	838	1000Genomes	Asia
5.86782	-20.0416	7.32522	-2.86002	839	1000Genomes	Asia
6.71621	-18.7599	7.61145	-2.97312	840	1000Genomes	Asia
5.46819	-4.83715	4.12347	-3.40339	841	HGDP	Asia
4.48859	-7.28805	4.04146	-3.07256	842	HGDP	Asia
0.263695	-8.24037	4.8427	-3.28664	843	HGDP	Asia
-0.644739	-8.83681	5.20068	-2.36161	844	HGDP	Asia
-3.37836	-7.60623	3.8709	-2.67691	845	HGDP	Asia
18.9073	0.218115	3.5074	-2.53625	846	HGDP	Asia
12.4744	-4.07157	4.62127	-3.0126	847	HGDP	Asia
-1.59904	-7.66385	4.52621	-3.5051	848	HGDP	Asia
-1.7918	-8.50047	4.25193	-3.29825	849	HGDP	Asia
-0.0205881	-9.12251	5.14224	-2.82032	850	HGDP	Asia
-3.51148	-5.69696	4.39501	-2.62211	851	HGDP	Asia
-2.37675	-7.54632	4.32384	-2.17161	852	HGDP	Asia
-2.68703	-9.77787	4.4143	-2.5159	853	HGDP	Asia
-4.22965	-6.68462	4.608	-2.56848	854	HGDP	Asia
-1.25934	-7.73872	4.59109	-2.41442	855	HGDP	Asia
0.351719	-10.1365	4.4773	-2.71077	856	HGDP	Asia
-4.12057	-9.02282	4.28354	-2.28106	857	HGDP	Asia
-4.82369	-0.996875	3.2631	-3.88413	858	HGDP	Asia
-1.44058	-7.25743	3.76214	-2.4769	859	HGDP	Asia
-4.00359	-6.31797	4.73679	-2.72824	860	HGDP	Asia
-0.0749253	-11.4249	4.42036	-3.24282	861	HGDP	Asia
-2.10736	-8.23756	4.87012	-1.952	862	HGDP	Asia
-1.57381	-8.13063	4.43672	-3.12844	863	HGDP	Asia
-6.9673	-4.18725	3.57576	-2.51391	864	HGDP	Asia
-6.48285	-4.85112	4.16321	-3.21813	865	HGDP	Asia
-5.05502	-7.26742	3.52068	-2.33888	866	HGDP	Asia
-6.56077	-5.49343	3.81783	-1.91356	867	HGDP	Asia
1.71792	-25.6484	6.57204	-1.33061	868	HGDP	Asia
-4.74742	-6.98586	3.73966	-2.23509	869	HGDP	Asia
-6.72095	-5.6142	2.84331	-1.63281	870	HGDP	Asia
-4.34526	-7.64211	3.01907	-2.43646	871	HGDP	Asia
-3.60583	-6.58039	4.20488	-2.21484	872	HGDP	Asia
-3.8068	-7.14604	4.19232	-1.57967	873	HGDP	Asia
-3.06664	-8.33337	4.21398	-2.68947	874	HGDP	Asia
-5.32002	-8.17837	4.16535	-2.64911	875	HGDP	Asia
0.124225	-10.4506	5.95939	-2.29487	876	HGDP	Asia
0.0920664	-12.7091	5.55091	-2.71622	877	HGDP	Asia
-7.69922	-4.39546	3.78511	-1.82133	878	HGDP	Asia
-6.89178	-3.07514	2.85032	-2.74653	879	HGDP	Asia
-3.76235	-7.37348	3.53759	-1.96851	880	HGDP	Asia
-3.66196	-7.73361	4.41642	-2.01806	881	HGDP	Asia
-6.53427	-4.38674	3.61242	-2.30348	882	HGDP	Asia
-2.73103	-9.9876	4.0505	-2.37902	883	HGDP	Asia
-7.72532	-4.97421	3.26405	-1.98785	884	HGDP	Asia
-4.95731	-5.88578	3.5811	-2.77269	885	HGDP	Asia
-4.02505	-7.53251	3.72632	-2.43217	886	HGDP	Asia
-6.79578	-4.92315	2.99477	-1.86693	887	HGDP	Asia
-6.56855	-6.4611	3.0296	-1.40827	888	HGDP	Asia
-7.06926	-4.11406	3.4944	-1.42885	889	HGDP	Asia
-6.81641	-5.40606	2.67227	-1.86168	890	HGDP	Asia
-6.92128	-4.46314	2.42392	-2.0016	891	HGDP	Asia
-6.5833	-4.95134	3.24721	-1.59138	892	HGDP	Asia
-5.90625	-4.85055	3.0469	-1.80245	893	HGDP	Asia
-6.67965	-5.83875	3.28699	-1.92326	894	HGDP	Asia
-7.28007	-5.6884	2.31578	-1.61662	895	HGDP	Asia
-6.80805	-5.30706	3.00264	-1.79294	896	HGDP	Asia
-6.3884	-6.85693	3.22284	-1.76639	897	HGDP	Asia
-6.30155	-5.02379	2.27277	-1.27681	898	HGDP	Asia
-7.35937	-4.61543	2.84549	-1.48423	899	HGDP	Asia
-7.38352	-5.14409	2.97302	-1.87677	900	HGDP	Asia
-5.39667	-6.15775	2.73209	-2.14042	901	HGDP	Asia
-6.89307	-5.29608	3.38459	-1.7497	902	HGDP	Asia
-7.03713	-5.20969	2.52663	-1.14435	903	HGDP	Asia
1.44843	-17.8775	4.82362	-0.974142	904	HGDP	Asia
-1.00132	-14.2254	4.39854	-1.71229	905	HGDP	Asia
-0.223294	-16.1923	5.4761	-1.67957	906	HGDP	Asia
-0.346561	-15.9765	5.56115	-2.04863	907	HGDP	Asia
-1.73686	-15.2484	4.88307	-2.21217	908	HGDP	Asia
-2.37299	-14.735	5.01721	-1.37011	909	HGDP	Asia
1.59505	-15.1788	5.00373	-2.28131	910	HGDP	Asia
-0.608987	-14.2031	5.71569	-1.58092	911	HGDP	Asia
0.320973	-15.9232	4.78596	-1.22389	912	HGDP	Asia
-0.0534291	-16.4288	4.71268	-1.75093	913	HGDP	Asia
2.60699	-18.7065	5.9728	-2.02423	914	HGDP	Asia
0.197389	-16.1772	4.74601	-1.64995	915	HGDP	Asia
0.523878	-14.5939	5.7493	-2.20622	916	HGDP	Asia
-0.939943	-16.2888	5.26781	-2.17184	917	HGDP	Asia
0.421624	-14.4783	5.04849	-1.19358	918	HGDP	Asia
-0.526827	-15.2834	4.9236	-1.3399	919	HGDP	Asia
-0.115092	-17.6184	5.50135	-1.88988	920	HGDP	Asia
-1.65232	-16.0659	4.62881	-1.46273	921	HGDP	Asia
0.144964	-15.8763	5.01149	-1.74172	922	HGDP	Asia
-0.17727	-15.4003	4.98918	-1.91192	923	HGDP	Asia
-1.48741	-14.0797	4.79023	-1.46168	924	HGDP	Asia
-1.11273	-13.8942	4.93933	-1.9102	925	HGDP	Asia
-1.40363	-15.1548	5.09397	-1.50081	926	HGDP	Asia
-0.618549	-15.7821	5.31753	-2.31793	927	HGDP	Asia
-0.680515	-15.3238	5.07208	-1.95237	928	HGDP	Asia
-25.4992	15.7713	0.875044	2.08537	929	HGDP	Europe
-26.1898	14.7319	0.499772	2.22008	930	HGDP	Europe
-25.3833	15.7133	1.39039	2.53569	931	HGDP	Europe
-26.9606	15.2313	-0.0203458	2.6725	932	HGDP	Europe
-26.5129	15.5457	0.809956	2.39587	933	HGDP	Europe
-25.4025	15.5989	0.949979	2.04114	934	HGDP	Europe
-26.1665	15.2808	0.346462	1.94434	935	HGDP	Europe
-25.6848	15.769	0.749068	1.61062	936	HGDP	Europe
-26.0983	15.2944	0.525779	1.84515	937	HGDP	Europe
-27.7381	14.2752	1.00331	2.46872	938	HGDP	Europe
-25.205	14.4876	-0.183615	2.30538	939	HGDP	Europe
-26.2576	14.3441	0.470503	1.81748	940	HGDP	Europe
-25.7458	14.3894	0.64404	1.64373	941	HGDP	Europe
-27.0082	15.1529	0.101903	1.78669	942	HGDP	Europe
-26.4115	13.3133	0.468118	2.44213	943	HGDP	Europe
-26.629	14.6505	1.8304	2.08337	944	HGDP	Europe
-26.8708	14.5405	0.775061	2.40484	945	HGDP	Europe
-25.8857	14.6956	0.652363	2.12718	946	HGDP	Europe
-25.2745	15.6112	0.558071	1.52093	947	HGDP	Europe
-25.7929	15.8715	0.435339	2.1361	948	HGDP	Europe
-27.8974	16.1162	0.154258	2.24029	949	HGDP	Europe
-26.5472	15.9198	-0.0696247	1.82038	950	HGDP	Europe
-26.2806	15.6716	0.584851	2.12151	951	HGDP	Europe
-25.9246	15.3084	0.891414	1.65686	952	HGDP	Europe
160.522	47.8007	-1.2591	1.66575	953	1000Genomes	Africa
158.905	47.5686	-1.22091	0.750646	954	1000Genomes	Africa
158.685	47.9457	-1.15653	1.27681	955	1000Genomes	Africa
160.614	46.1476	-2.09024	1.59885	956	1000Genomes	Africa
159.451	47.5552	-1.40865	1.72456	957	1000Genomes	Africa
159.729	46.0162	-0.807433	1.00346	958	1000Genomes	Africa
159.159	46.6149	-1.35088	1.67068	959	1000Genomes	Africa
160.258	48.143	-1.10082	1.52755	960	1000Genomes	Africa
160.725	47.0447	-1.48307	1.19586	961	1000Genomes	Africa
162.919	48.0487	-0.613192	2.03846	962	1000Genomes	Africa
159.91	47.4964	-1.47584	1.76944	963	1000Genomes	Africa
159.614	48.1495	-1.70743	1.70449	964	1000Genomes	Africa
157.823	46.3745	-1.60024	1.19632	965	1000Genomes	Africa
158.664	45.9022	-1.21732	1.51961	966	1000Genomes	Africa
161.434	49.2476	-1.46119	1.6532	967	1000Genomes	Africa
159.119	46.9856	-1.87751	1.13476	968	1000Genomes	Africa
160.528	46.4478	-1.32418	1.87392	969	1000Genomes	Africa
160.525	49.0376	-1.5947	1.16725	970	1000Genomes	Africa
159.074	48.2164	-2.0345	1.33007	971	1000Genomes	Africa
159.025	47.7957	-1.44062	1.30731	972	1000Genomes	Africa
157.61	47.9963	-1.35211	1.4796	973	1000Genomes	Africa
161.208	48.3628	-1.50429	1.55603	974	1000Genomes	Africa
158.551	47.1392	-0.50697	1.23266	975	1000Genomes	Africa
157.529	47.1547	-1.80581	1.83764	976	1000Genomes	Africa
159.557	46.691	-1.22286	1.88966	977	1000Genomes	Africa
162.205	47.9236	-0.738533	1.41687	978	1000Genomes	Africa
161.832	48.249	-1.54215	1.39772	979	1000Genomes	Africa
159.099	47.0247	-1.15069	1.76943	980	1000Genomes	Africa
159.193	47.3492	-1.5765	1.59985	981	1000Genomes	Africa
161.204	48.5457	-1.48841	1.61132	982	1000Genomes	Africa
162.608	48.1915	-2.26714	1.43457	983	1000Genomes	Africa
161.869	48.485	-2.58636	1.47831	984	1000Genomes	Africa
160.937	46.798	-1.76192	1.1777	985	1000Genomes	Africa
158.63	47.5502	-1.61486	1.52378	986	1000Genomes	Africa
158.015	47.6639	-1.37244	1.55436	987	1000Genomes	Africa
161.67	48.0933	-2.13118	1.42596	988	1000Genomes	Africa
158.31	47.4232	-1.48041	1.8357	989	1000Genomes	Africa
157.953	48.0455	-0.806245	1.06634	990	1000Genomes	Africa
159.286	48.0314	-1.72967	0.912867	991	1000Genomes	Africa
160.871	47.1601	-0.610868	1.65747	992	1000Genomes	Africa
159.668	47.9975	-1.61144	1.79481	993	1000Genomes	Africa
161.788	47.4758	-0.991889	1.38654	994	1000Genomes	Africa
159.061	46.711	-1.73023	1.61667	995	1000Genomes	Africa
159.079	47.2143	-0.879216	1.62229	996	1000Genomes	Africa
162.521	47.9345	-1.35302	1.61718	997	1000Genomes	Africa
161.783	47.3176	-2.04073	1.62517	998	1000Genomes	Africa
158.368	47.6453	-1.15778	1.6337	999	1000Genomes	Africa
159.218	46.1623	-2.11284	0.958637	1000	1000Genomes	Africa
159.744	46.5937	-1.08091	1.65521	1001	1000Genomes	Africa
160.442	48.8807	-1.79004	1.35408	1002	1000Genomes	Africa
161.139	48.8142	-1.16418	1.57079	1003	1000Genomes	Africa
158.806	46.1637	-1.43327	1.16325	1004	1000Genomes	Africa
161.497	48.2191	-1.63791	1.74088	1005	1000Genomes	Africa
157.539	46.6349	-1.7939	1.43773	1006	1000Genomes	Africa
159.176	47.3371	-1.34646	1.92117	1007	1000Genomes	Africa
160.961	47.8975	-1.5565	1.30444	1008	1000Genomes	Africa
161.587	46.8161	-1.05117	1.22189	1009	1000Genomes	Africa
163.404	48.452	-2.2275	1.30058	1010	1000Genomes	Africa
159.935	46.8913	-1.39083	1.39422	1011	1000Genomes	Africa
159.981	48.0823	-1.51548	1.03585	1012	1000Genomes	Africa
159.965	48.4104	-1.42572	1.58446	1013	1000Genomes	Africa
158.358	47.6737	-1.48091	1.49705	1014	1000Genomes	Africa
160.778	48.4173	-0.941112	1.7043	1015	1000Genomes	Africa
159.286	47.1927	-1.17386	1.49442	1016	1000Genomes	Africa
160.522	47.236	-1.34299	1.41577	1017	1000Genomes	Africa
161.464	47.5727	-1.61866	1.42098	1018	1000Genomes	Africa
157.184	47.3274	-1.39321	1.12729	1019	1000Genomes	Africa
160.73	46.3601	-1.06419	0.915052	1020	1000Genomes	Africa
158.848	46.1897	-1.58917	1.41927	1021	1000Genomes	Africa
158.688	46.0627	-1.23418	1.38263	1022	1000Genomes	Africa
160.551	47.1356	-1.60486	1.24131	1023	1000Genomes	Africa
159.389	47.1751	-2.107	1.4737	1024	1000Genomes	Africa
160.428	47.8066	-0.830549	1.32752	1025	1000Genomes	Africa
160.327	47.2504	-1.9578	1.3644	1026	1000Genomes	Africa
159	47.0856	-0.880774	1.25616	1027	1000Genomes	Africa
159.244	47.1684	-1.38315	0.986264	1028	1000Genomes	Africa
162.962	48.6118	-1.43791	1.45167	1029	1000Genomes	Africa
159.979	47.3004	-1.06544	1.36988	1030	1000Genomes	Africa
158.212	47.4225	-1.57522	1.74762	1031	1000Genomes	Africa
160.471	47.638	-1.45705	1.66473	1032	1000Genomes	Africa
159.701	48.4159	-1.46224	1.19647	1033	1000Genomes	Africa
158.946	48.0053	-1.71023	1.34649	1034	1000Genomes	Africa
158.962	48.3017	-1.27538	1.46257	1035	1000Genomes	Africa
159.067	47.9607	-2.10075	1.44889	1036	1000Genomes	Africa
160.432	46.4829	-0.977951	1.18297	1037	1000Genomes	Africa
160.6	47.3781	-0.571161	1.74851	1038	1000Genomes	Africa
160.113	48.1688	-1.28785	1.61277	1039	1000Genomes	Africa
159.21	46.9487	-0.92073	1.75486	1040	1000Genomes	Africa
158.844	48.179	-1.72034	1.10578	1041	1000Genomes	Africa
159.78	47.4513	-1.19363	1.42741	1042	1000Genomes	Africa
161.351	47.2825	-2.23474	1.83027	1043	1000Genomes	Africa
159.629	47.0142	-0.906272	1.54442	1044	1000Genomes	Africa
160.924	47.7962	-1.32222	1.89844	1045	1000Genomes	Africa
159.696	48.0913	-2.10461	1.48664	1046	1000Genomes	Africa
159.903	46.5619	-1.22172	1.89574	1047	1000Genomes	Africa
157.217	47.7002	-1.49408	1.40109	1048	1000Genomes	Africa
159.71	46.2325	-1.24047	1.83726	1049	1000Genomes	Africa
159.86	47.9417	-1.16304	1.62388	1050	1000Genomes	Africa
161.063	47.9399	-1.4311	1.96509	1051	1000Genomes	Africa
160.196	49.4602	-1.55048	1.63887	1052	1000Genomes	Africa
158.82	48.2103	-1.65593	1.54898	1053	1000Genomes	Africa
158.366	46.2301	-1.33844	1.61961	1054	1000Genomes	Africa
159.897	47.5704	-1.44538	1.96183	1055	1000Genomes	Africa
160.799	47.877	-1.0694	1.49517	1056	1000Genomes	Africa
159.38	46.4529	-1.37444	1.0741	1057	1000Genomes	Africa
159.436	47.5652	-1.19977	1.94123	1058	1000Genomes	Africa
158.014	47.4891	-1.18647	1.35696	1059	1000Genomes	Africa
159.358	47.6987	-2.02006	1.41794	1060	1000Genomes	Africa
160.111	46.2986	-1.88195	1.50861	1061	1000Genomes	Africa
158.733	47.677	-1.14887	1.42058	1062	1000Genomes	Africa
161.013	47.4025	-1.65665	1.30502	1063	1000Genomes	Africa
159.115	47.8799	-0.988084	1.60365	1064	1000Genomes	Africa
160.789	48.6772	-1.6793	1.40688	1065	1000Genomes	Africa
160.232	48.3163	-1.31623	1.43481	1066	1000Genomes	Africa
158.754	47.0212	-1.29665	1.58154	1067	1000Genomes	Africa
162.415	48.2363	-1.12368	1.79233	1068	1000Genomes	Africa
161.056	47.9485	-1.067	1.64904	1069	1000Genomes	Africa
161.269	48.2565	-1.38553	1.38491	1070	1000Genomes	Africa
159.07	47.0032	-1.69311	1.27867	1071	1000Genomes	Africa
160.396	46.7863	-1.03712	1.79414	1072	1000Genomes	Africa
164.355	47.3288	-1.59433	1.34714	1073	HGDP	Africa
160.33	46.8667	-1.27155	1.93026	1074	HGDP	Africa
162.223	48.4407	-1.38223	1.73899	1075	HGDP	Africa
162.637	47.8871	-0.790074	1.39678	1076	HGDP	Africa
162.54	47.9625	-1.85373	1.13444	1077	HGDP	Africa
161.874	48.0112	-1.84583	1.47153	1078	HGDP	Africa
161.632	47.0903	-1.43009	1.60997	1079	HGDP	Africa
164.066	47.2549	-1.18316	1.10646	1080	HGDP	Africa
163.058	47.5839	-1.02213	1.48986	1081	HGDP	Africa
163.819	48.033	-1.01377	1.53311	1082	HGDP	Africa
162.836	47.727	-1.1205	1.45871	1083	HGDP	Africa
161.105	47.5058	-0.982742	1.10676	1084	HGDP	Africa
162.076	48.864	-1.67456	1.09189	1085	HGDP	Africa
163.53	47.5362	-1.12294	1.4445	1086	HGDP	Africa
162.364	46.6818	-1.54083	1.4832	1087	HGDP	Africa
162.707	48.3895	-1.83255	1.92892	1088	HGDP	Africa
159.587	47.2018	-1.38063	1.47254	1089	HGDP	Africa
163.798	47.9587	-1.60435	1.31588	1090	HGDP	Africa
161.477	48.6614	-1.96167	1.3905	1091	HGDP	Africa
163.409	47.8898	-2.00612	1.52292	1092	HGDP	Africa
161.054	48.1179	-1.25259	1.73977	1093	HGDP	Africa
152.399	43.8187	-0.870919	0.79876	1099	1000Genomes	Africa
147.949	43.6836	-0.655609	0.183741	1100	1000Genomes	Africa
148.448	44.1407	-0.848523	0.633977	1101	1000Genomes	Africa
152.247	44.5633	-0.87837	1.13881	1102	1000Genomes	Africa
149.93	43.8394	-1.48316	0.900617	1103	1000Genomes	Africa
150.631	43.6677	-0.474299	0.580187	1104	1000Genomes	Africa
150.033	43.5622	-0.667631	0.697049	1105	1000Genomes	Africa
146.072	43.0612	-1.25734	0.711462	1106	1000Genomes	Africa
149.975	44.6429	-0.658208	0.225881	1107	1000Genomes	Africa
149.768	44.5084	-0.291119	0.127331	1108	1000Genomes	Africa
148.877	44.4256	-0.875949	0.567439	1109	1000Genomes	Africa
150.015	44.8427	-0.608041	0.655969	1110	1000Genomes	Africa
151.066	45.3908	-1.2224	0.82226	1111	1000Genomes	Africa
149.814	43.461	-0.541219	0.771429	1112	1000Genomes	Africa
145.706	42.6672	-0.69765	0.671276	1113	1000Genomes	Africa
148.922	44.8565	-0.433969	0.586354	1114	1000Genomes	Africa
148.895	43.321	-1.24371	0.347267	1115	1000Genomes	Africa
147.926	43.3016	0.016527	0.706554	1116	1000Genomes	Africa
146.41	42.7797	-1.21151	0.757648	1117	1000Genomes	Africa
149.26	44.3223	-0.278881	1.05233	1118	1000Genomes	Africa
151.08	44.1473	-0.737172	0.518852	1119	1000Genomes	Africa
145.727	43.5079	-0.179204	0.116916	1120	1000Genomes	Africa
146.468	43.8076	-1.22233	0.447263	1121	1000Genomes	Africa
146.936	43.5747	-0.961003	0.547155	1122	1000Genomes	Africa
148.984	44.086	-0.207385	0.889916	1123	1000Genomes	Africa
149.447	44.5541	-1.0961	0.661126	1124	1000Genomes	Africa
149.995	43.5066	-0.551417	0.841449	1125	1000Genomes	Africa
144.349	44.0811	-0.109028	0.200439	1126	1000Genomes	Africa
149.628	43.3758	-0.579347	0.649965	1127	1000Genomes	Africa
144.388	42.307	-0.2746	0.106373	1128	1000Genomes	Africa
148.527	45.297	-0.497746	0.898399	1129	1000Genomes	Africa
147.719	43.1975	-1.46547	0.290151	1130	1000Genomes	Africa
149.346	44.9961	-0.102553	1.15068	1131	1000Genomes	Africa
149.481	44.1369	-0.721309	0.373433	1132	1000Genomes	Africa
148.191	44.0253	-0.479428	0.477922	1133	1000Genomes	Africa
151.098	43.9611	-0.193444	1.1473	1134	1000Genomes	Africa
146.514	44.7506	-1.41734	0.702815	1135	1000Genomes	Africa
149.905	44.1978	0.262245	0.612193	1136	1000Genomes	Africa
148.468	42.125	-0.404281	0.369322	1137	1000Genomes	Africa
149.981	44.0033	-0.443884	0.777891	1138	1000Genomes	Africa
148.922	43.9701	-0.871311	0.316036	1139	1000Genomes	Africa
146.328	43.6882	-0.927848	0.497538	1140	1000Genomes	Africa
150.611	44.6981	-1.05088	0.70424	1141	1000Genomes	Africa
149.214	44.0956	-0.680985	0.777628	1142	1000Genomes	Africa
148.601	43.507	-0.328822	0.301521	1143	1000Genomes	Africa
147.914	43.7436	-0.951147	0.619566	1144	1000Genomes	Africa
150.474	44.3083	-1.05749	0.839804	1145	1000Genomes	Africa
153.24	46.0131	-0.710569	0.824405	1146	1000Genomes	Africa
149.572	43.3748	-1.15338	0.905194	1147	1000Genomes	Africa
151.616	44.9922	-0.909166	0.966752	1148	1000Genomes	Africa
147.373	43.1209	-0.878677	0.653768	1149	1000Genomes	Africa
153.544	44.3087	-0.240124	0.719699	1150	1000Genomes	Africa
150.725	44.3219	-0.431865	0.489086	1151	1000Genomes	Africa
152.753	45.037	-1.07662	0.957154	1152	1000Genomes	Africa
147.087	43.5156	-1.06718	0.411269	1153	1000Genomes	Africa
147.412	43.9618	-0.668663	0.703966	1154	1000Genomes	Africa
149.465	44.0777	-1.2186	0.867493	1155	1000Genomes	Africa
151.948	44.4648	-0.901895	0.84628	1156	1000Genomes	Africa
149.387	44.6872	-1.20159	0.640979	1157	1000Genomes	Africa
152.412	44.5322	-0.530182	1.40071	1158	1000Genomes	Africa
145.926	42.1748	-0.893027	0.316467	1159	1000Genomes	Africa
145.485	43.1317	-1.08628	0.157072	1160	1000Genomes	Africa
151.57	44.0398	-0.89019	0.909169	1161	1000Genomes	Africa
150.554	44.3874	-1.08189	0.38017	1162	1000Genomes	Africa
149.545	44.6295	-0.712824	0.424482	1163	1000Genomes	Africa
148.283	43.685	-1.35242	0.869674	1164	1000Genomes	Africa
151.266	44.3789	-0.885733	0.987814	1165	1000Genomes	Africa
149.653	44.0199	-0.273242	0.558765	1166	1000Genomes	Africa
152.084	43.7638	-1.03314	0.877751	1167	1000Genomes	Africa
146.969	43.5185	-0.0409937	0.476296	1168	1000Genomes	Africa
148.509	43.2335	-0.152751	-0.0202247	1169	1000Genomes	Africa
149.469	43.7888	-0.621785	0.9736	1170	1000Genomes	Africa
145.786	42.2905	-0.0424126	0.337315	1171	1000Genomes	Africa
151.518	42.8153	-1.12341	0.818304	1172	1000Genomes	Africa
149.147	44.618	-0.750837	0.385869	1173	1000Genomes	Africa
149.028	45.194	-1.05558	0.751232	1174	1000Genomes	Africa
153.163	45.505	-0.807741	0.923394	1175	1000Genomes	Africa
146.889	43.1983	-1.3252	0.193026	1176	1000Genomes	Africa
146.13	43.3989	-0.134239	0.622637	1177	1000Genomes	Africa
147.997	44.3508	-1.30232	0.237726	1178	1000Genomes	Africa
148.357	43.2047	-0.00387757	0.480996	1179	1000Genomes	Africa
148.087	43.1994	-0.513891	0.545681	1180	1000Genomes	Africa
148.227	43.0914	-1.10292	0.365429	1181	1000Genomes	Africa
149.075	43.6163	-1.43387	0.349869	1182	1000Genomes	Africa
148.156	43.7491	-0.824293	0.196109	1183	1000Genomes	Africa
145.988	43.4501	-0.670935	0.188344	1184	1000Genomes	Africa
158.504	46.0243	-1.53899	0.973212	1185	HGDP	Africa
158.462	45.6988	-1.70987	1.47507	1186	HGDP	Africa
160.135	46.602	-1.25661	1.53046	1187	HGDP	Africa
158.465	46.2043	-1.00165	1.48946	1188	HGDP	Africa
161.947	47.2868	-1.06133	1.68586	1189	HGDP	Africa
158.602	46.3045	-1.8043	1.46513	1190	HGDP	Africa
156.669	46.0906	-1.22911	1.09895	1191	HGDP	Africa
158.351	46.3638	-1.33882	1.09355	1192	HGDP	Africa
157.522	47.0472	-1.23303	1.1565	1193	HGDP	Africa
151.639	44.4085	-0.806664	0.457079	1194	HGDP	Africa
152.834	44.7199	-1.61111	1.17568	1195	HGDP	Africa
143.386	42.26	-0.288182	0.0583486	1196	HGDP	Africa
155.028	45.1562	-0.790515	1.09349	1197	HGDP	Africa
136.321	39.8052	0.457444	-0.391321	1198	HGDP	Africa
136.968	40.8782	-0.000369496	-0.341887	1199	HGDP	Africa
152.947	44.2088	-1.09412	0.70293	1200	HGDP	Africa
153.792	45.6771	-1.3975	0.653474	1201	HGDP	Africa
-11.4357	15.4291	2.57966	-7.65386	1219	HGDP	MiddleEast
-13.6698	14.9947	3.30745	-7.12172	1220	HGDP	MiddleEast
-12.0934	14.5186	3.31709	-7.22493	1221	HGDP	MiddleEast
-12.9341	14.9926	3.43843	-7.72927	1222	HGDP	MiddleEast
-10.8622	16.0824	3.00941	-7.11535	1223	HGDP	MiddleEast
-11.9401	14.6343	3.26013	-7.50601	1224	HGDP	MiddleEast
-12.3456	15.8373	3.5469	-6.87999	1225	HGDP	MiddleEast
-10.843	15.2316	3.25932	-7.3891	1226	HGDP	MiddleEast
-12.5885	14.6797	3.6043	-7.22051	1227	HGDP	MiddleEast
-6.85269	17.1047	3.64179	-7.05215	1228	HGDP	MiddleEast
-11.8718	14.3831	3.49434	-7.2206	1229	HGDP	MiddleEast
-9.90707	13.9851	3.3413	-7.67738	1230	HGDP	MiddleEast
-12.3302	15.1204	3.84405	-7.70611	1231	HGDP	MiddleEast
-12.176	14.3819	3.36253	-7.07252	1232	HGDP	MiddleEast
-11.323	13.6376	2.76724	-7.12938	1233	HGDP	MiddleEast
-13.1111	14.2806	3.32169	-7.24057	1234	HGDP	MiddleEast
-12.112	14.0234	2.94152	-7.51088	1235	HGDP	MiddleEast
-11.3576	16.0932	3.7535	-7.2545	1236	HGDP	MiddleEast
-13.5508	14.5619	2.63511	-6.86628	1237	HGDP	MiddleEast
-12.1884	15.1916	2.98077	-7.35473	1238	HGDP	MiddleEast
-12.8903	14.5503	2.87276	-6.91673	1239	HGDP	MiddleEast
-13.9862	14.697	2.89683	-7.23898	1240	HGDP	MiddleEast
-13.8204	13.5777	2.84113	-7.1602	1241	HGDP	MiddleEast
-12.8422	15.0336	2.75316	-7.84618	1242	HGDP	MiddleEast
-11.3101	14.7369	3.18667	-7.38487	1243	HGDP	MiddleEast
-14.1291	14.598	2.82842	-6.92614	1244	HGDP	MiddleEast
-14.8398	15.0778	3.33207	-7.68207	1245	HGDP	MiddleEast
-12.0615	15.3905	3.87803	-7.83162	1246	HGDP	MiddleEast
-15.2133	14.4232	2.88875	-7.3217	1247	HGDP	MiddleEast
-14.0772	14.2161	3.49045	-7.11808	1248	HGDP	MiddleEast
-11.5323	15.5977	2.77518	-7.14462	1249	HGDP	MiddleEast
-22.4785	3.28352	-0.228116	5.85193	1250	HGDP	Europe
-20.8101	3.27258	0.517622	5.84637	1251	HGDP	Europe
-20.0729	3.30606	-0.07392	6.30574	1252	HGDP	Europe
-21.0769	1.24177	0.591045	5.67489	1253	HGDP	Europe
-22.015	2.3501	-0.111256	6.4062	1254	HGDP	Europe
-22.5518	5.66053	0.0937009	6.00312	1255	HGDP	Europe
-21.9705	3.25687	0.68818	5.94742	1256	HGDP	Europe
-20.2795	2.95134	0.108085	6.11701	1257	HGDP	Europe
-22.1616	3.74604	0.261363	5.26602	1258	HGDP	Europe
-21.874	3.89663	0.254314	5.56194	1259	HGDP	Europe
-21.4467	4.16257	0.315143	5.77186	1260	HGDP	Europe
-21.7082	3.44354	-0.94457	6.10264	1261	HGDP	Europe
-20.6374	2.03939	0.378894	5.22835	1262	HGDP	Europe
-20.348	3.59143	0.291767	6.03691	1263	HGDP	Europe
-19.629	2.37813	0.749834	5.73166	1264	HGDP	Europe
-19.8429	1.55928	-0.578472	5.64035	1265	HGDP	Europe
-19.1539	1.37584	0.513197	6.17642	1266	HGDP	Europe
-19.7625	2.20406	0.0688791	5.73639	1267	HGDP	Europe
-21.402	2.1017	-0.750376	5.61739	1268	HGDP	Europe
-20.3638	-0.0241355	0.159704	5.90631	1269	HGDP	Europe
-21.7446	2.56448	0.0775056	5.92966	1270	HGDP	Europe
-22.1412	5.33117	0.331374	5.8421	1271	HGDP	Europe
-21.068	2.70711	0.177496	5.79705	1272	HGDP	Europe
-20.8818	4.00607	-0.128867	5.63062	1273	HGDP	Europe
-21.5801	3.26128	0.396737	5.35004	1274	HGDP	Europe
-19.2889	15.1698	1.56084	0.308486	1275	1000Genomes	Europe
-19.8808	15.0817	1.36476	0.689704	1276	1000Genomes	Europe
-21.7852	15.8324	1.1842	0.901745	1277	1000Genomes	Europe
-21.0893	13.9734	1.27859	0.221702	1278	1000Genomes	Europe
-21.8996	15.606	1.09507	0.759152	1279	1000Genomes	Europe
-21.4789	15.5665	0.775478	0.317668	1280	1000Genomes	Europe
-19.0893	16.5214	1.10924	-0.389929	1281	1000Genomes	Europe
-22.481	14.9731	0.275087	0.608664	1282	1000Genomes	Europe
-23.5869	15.1942	0.731705	1.66058	1283	1000Genomes	Europe
-23.0186	14.685	0.976094	1.20657	1284	1000Genomes	Europe
-25.1889	13.82	0.572866	1.76905	1285	1000Genomes	Europe
-25.1878	15.1327	0.454921	2.11721	1286	1000Genomes	Europe
-25.2686	14.8311	0.699475	1.7332	1287	1000Genomes	Europe
-24.9517	15.2469	0.480453	2.40827	1288	1000Genomes	Europe
-26.287	14.0025	0.454361	2.61226	1289	1000Genomes	Europe
-25.1764	13.9746	0.32506	2.29437	1290	1000Genomes	Europe
-20.9087	15.3212	0.903894	0.91327	1291	1000Genomes	Europe
-20.7404	14.3887	1.56495	0.604908	1292	1000Genomes	Europe
-17.5501	15.9542	0.914976	0.283809	1293	1000Genomes	Europe
-21.4834	15.8075	1.04954	0.613529	1294	1000Genomes	Europe
-20.1991	14.5904	0.895249	0.827392	1295	1000Genomes	Europe
-19.4763	15.2913	0.84239	0.494581	1296	1000Genomes	Europe
-22.6895	14.0753	0.82947	2.18217	1297	1000Genomes	Europe
-22.5642	14.9037	0.916249	0.870861	1298	1000Genomes	Europe
-19.6982	14.8749	0.833187	0.292828	1299	1000Genomes	Europe
-20.532	15.0997	0.772719	0.788672	1300	1000Genomes	Europe
-22.9234	14.0746	0.842611	0.860166	1301	1000Genomes	Europe
-22.9729	15.2904	0.819174	1.16241	1302	1000Genomes	Europe
-21.3527	13.5427	0.728318	0.648131	1303	1000Genomes	Europe
-21.0718	15.3223	0.949672	1.03056	1304	1000Genomes	Europe
-20.7965	15.0499	1.56556	0.250157	1305	1000Genomes	Europe
-19.6725	16.8537	1.74386	0.549669	1306	1000Genomes	Europe
-22.3897	14.3104	0.683292	0.432021	1307	1000Genomes	Europe
-22.1058	15.2256	1.3739	0.659975	1308	1000Genomes	Europe
-20.9393	14.122	1.53207	0.249807	1309	1000Genomes	Europe
-20.516	13.3138	0.386608	1.18384	1310	1000Genomes	Europe
-22.6294	15.8602	1.3187	-0.269644	1311	1000Genomes	Europe
-20.2289	15.4102	1.27097	0.344193	1312	1000Genomes	Europe
-19.3376	16.7267	0.959981	-0.271226	1313	1000Genomes	Europe
-21.0503	14.7454	1.35142	-0.0905813	1314	1000Genomes	Europe
-22.4575	14.4006	0.439229	0.545905	1315	1000Genomes	Europe
-19.738	14.9389	1.68564	-1.52452	1316	1000Genomes	Europe
-12.6481	17.3587	0.986175	-1.33546	1317	1000Genomes	Europe
-14.4424	16.4168	1.59548	-1.23109	1318	1000Genomes	Europe
-22.7989	15.7138	0.958505	0.439899	1319	1000Genomes	Europe
-21.5221	15.5431	1.86603	0.443598	1320	1000Genomes	Europe
-18.3114	14.2516	0.820649	0.859882	1321	1000Genomes	Europe
-16.542	16.8286	1.2088	0.780153	1322	1000Genomes	Europe
-22.3665	14.4587	1.57686	0.71854	1323	1000Genomes	Europe
-21.5127	14.9325	0.0929569	1.15105	1324	1000Genomes	Europe
-22.8487	15.5755	0.990267	1.0626	1325	1000Genomes	Europe
-22.327	14.7451	0.880023	0.826358	1326	1000Genomes	Europe
-24.3783	14.092	0.438099	1.20213	1327	1000Genomes	Europe
-22.7433	14.8896	1.87136	0.653478	1328	1000Genomes	Europe
-22.1109	15.2211	0.729544	0.859446	1329	1000Genomes	Europe
-22.3636	14.8546	0.585201	1.1286	1330	1000Genomes	Europe
-23.2251	15.0291	0.857274	1.26713	1331	1000Genomes	Europe
-23.7285	14.3531	0.965552	0.608118	1332	1000Genomes	Europe
-19.1861	15.4829	1.06571	0.315402	1333	1000Genomes	Europe
-20.9703	14.5712	0.986823	1.5711	1334	1000Genomes	Europe
-15.2693	16.7914	1.20438	-0.720536	1335	1000Genomes	Europe
-14.4393	15.7685	1.04324	-0.289124	1336	1000Genomes	Europe
-19.1165	15.1441	0.818376	-0.355487	1337	1000Genomes	Europe
-19.8858	15.904	1.41484	-0.0707346	1338	1000Genomes	Europe
-25.2627	14.9325	0.221651	2.49311	1339	1000Genomes	Europe
-25.5254	15.9673	0.799002	1.72824	1340	1000Genomes	Europe
-18.1832	14.9635	0.956863	-0.385337	1341	1000Genomes	Europe
-19.2579	16.1279	1.89945	0.810435	1342	1000Genomes	Europe
-20.4251	15.183	0.820937	0.965088	1343	1000Genomes	Europe
-20.0218	14.269	0.997298	0.672323	1344	1000Genomes	Europe
-20.1848	16.6054	0.63901	0.558723	1345	1000Genomes	Europe
-20.946	15.6721	1.85671	0.89676	1346	1000Genomes	Europe
-23.1463	16.3395	0.837655	1.00065	1347	1000Genomes	Europe
-22.1089	14.7289	0.118434	1.21626	1348	1000Genomes	Europe
-20.3883	14.5518	1.17066	0.552144	1349	1000Genomes	Europe
-20.6799	14.6887	1.64268	-0.0153494	1350	1000Genomes	Europe
-22.4374	15.1859	0.787631	1.08909	1351	1000Genomes	Europe
-23.3708	15.5332	1.24182	1.29258	1352	1000Genomes	Europe
-21.3408	14.8937	1.00022	1.2096	1353	1000Genomes	Europe
-24.2513	15.6409	0.515969	0.526099	1354	1000Genomes	Europe
-22.4634	15.2491	0.720199	0.753867	1355	1000Genomes	Europe
-23.9139	15.3561	0.815836	0.5679	1356	1000Genomes	Europe
-23.3408	13.3554	0.39874	1.5545	1357	1000Genomes	Europe
-23.6643	14.6392	1.00613	0.803903	1358	1000Genomes	Europe
-23.7201	15.554	1.35788	1.01926	1359	1000Genomes	Europe
-23.193	14.6777	1.4072	1.11215	1360	1000Genomes	Europe
-19.894	14.571	0.604259	0.232675	1361	1000Genomes	Europe
-21.8835	15.2916	0.775569	0.233888	1362	1000Genomes	Europe
-22.5356	14.2907	0.609213	0.921034	1363	1000Genomes	Europe
-21.9257	15.5102	1.41692	0.989271	1364	1000Genomes	Europe
-23.374	14.2028	0.874788	0.737128	1365	1000Genomes	Europe
-24.5242	13.6605	0.373911	0.980429	1366	1000Genomes	Europe
-23.8369	14.0349	1.17934	0.998213	1367	1000Genomes	Europe
-24.0479	14.3483	0.399984	0.578611	1368	1000Genomes	Europe
-21.0128	16.3701	1.01308	-0.0859541	1369	1000Genomes	Europe
-19.5202	15.4899	0.782698	0.124653	1370	1000Genomes	Europe
-21.1442	15.3887	1.50733	0.701164	1371	1000Genomes	Europe
-22.2137	15.77	0.928668	1.09918	1372	1000Genomes	Europe
-21.1028	15.4703	0.731286	0.521291	1373	1000Genomes	Europe
-18.3766	13.9088	1.39749	-0.263255	1374	1000Genomes	Europe
-23.6481	14.8932	2.17245	-1.78623	1375	1000Genomes	Europe
-22.5216	15.4184	1.79925	-1.77762	1376	1000Genomes	Europe
-22.4771	14.7029	1.93145	-1.41273	1377	1000Genomes	Europe
-22.4225	15.9141	1.39393	-1.44544	1378	1000Genomes	Europe
-22.7655	13.8506	1.58781	-1.66121	1379	1000Genomes	Europe
-21.6925	15.6444	1.73567	-1.63635	1380	1000Genomes	Europe
-21.9848	14.8465	1.71633	-1.79593	1381	1000Genomes	Europe
-22.3888	14.3402	1.45571	-1.75497	1382	1000Genomes	Europe
-21.9327	15.1057	1.87917	-1.30739	1383	1000Genomes	Europe
-21.4823	14.024	1.93192	-1.17562	1384	1000Genomes	Europe
-22.5124	14.3389	1.80469	-1.80624	1385	1000Genomes	Europe
-21.2498	15.0952	1.67047	-1.59883	1386	1000Genomes	Europe
-23.4696	14.4788	2.12712	-2.00574	1387	1000Genomes	Europe
-23.7227	14.0529	1.79957	-1.12871	1388	1000Genomes	Europe
-22.6815	15.0402	1.34769	-1.62061	1389	1000Genomes	Europe
-23.4319	15.7919	1.37862	-1.72395	1390	1000Genomes	Europe
-22.5523	14.847	1.55459	-2.16975	1391	1000Genomes	Europe
-21.9954	14.0503	2.68983	-1.23517	1392	1000Genomes	Europe
-22.1564	15.8519	1.93748	-1.99574	1393	1000Genomes	Europe
-22.1022	14.6948	1.61155	-1.22021	1394	1000Genomes	Europe
-22.7692	15.3774	2.05331	-0.884545	1395	1000Genomes	Europe
-21.7398	15.156	1.86931	-1.15036	1396	1000Genomes	Europe
-23.1562	14.2696	1.19941	-1.53078	1397	1000Genomes	Europe
-22.7645	14.3129	1.79016	-1.59836	1398	1000Genomes	Europe
-21.8346	14.6538	1.09614	-2.13454	1399	1000Genomes	Europe
-22.2228	15.2125	1.50384	-1.682	1400	1000Genomes	Europe
-21.5903	14.8672	1.93844	-1.17146	1401	1000Genomes	Europe
-22.7459	14.6797	1.86265	-1.65883	1402	1000Genomes	Europe
-22.1577	14.2975	1.50655	-1.62921	1403	1000Genomes	Europe
-22.971	14.8625	1.58623	-1.18585	1404	1000Genomes	Europe
-22.824	14.7153	1.58662	-1.20675	1405	1000Genomes	Europe
-22.9285	15.8642	1.47677	-1.45063	1406	1000Genomes	Europe
-22.339	15.1878	1.59025	-2.0561	1407	1000Genomes	Europe
-22.9904	15.3031	1.61774	-1.48244	1408	1000Genomes	Europe
-23.1296	14.3471	1.63687	-0.994386	1409	1000Genomes	Europe
-22.9236	16.2658	1.64637	-1.52191	1410	1000Genomes	Europe
-23.1382	14.8049	1.95175	-1.30502	1411	1000Genomes	Europe
-22.6479	14.3112	2.33185	-1.09195	1412	1000Genomes	Europe
-22.693	15.1282	1.93564	-1.88033	1413	1000Genomes	Europe
-22.5669	15.356	1.06317	-1.28558	1414	1000Genomes	Europe
-21.8594	14.7308	1.90521	-1.92239	1415	1000Genomes	Europe
-22.6284	15.4303	1.75553	-1.78049	1416	1000Genomes	Europe
-24.1242	15.3414	1.66736	-2.03139	1417	1000Genomes	Europe
-22.233	14.2068	1.8868	-0.995177	1418	1000Genomes	Europe
-23.0098	13.9281	2.09125	-1.55808	1419	1000Genomes	Europe
-22.4949	15.1873	1.84661	-1.74708	1420	1000Genomes	Europe
-22.5519	15.4845	1.79982	-1.94479	1421	1000Genomes	Europe
-22.4753	13.7645	2.1377	-2.14842	1422	1000Genomes	Europe
-22.5705	14.1885	1.36284	-1.97111	1423	1000Genomes	Europe
-21.5396	14.7916	1.87484	-1.94215	1424	1000Genomes	Europe
-21.583	15.1743	1.71329	-1.6912	1425	1000Genomes	Europe
-21.3116	14.9935	1.75617	-1.689	1426	1000Genomes	Europe
-21.8012	15.2118	2.16781	-1.39006	1427	1000Genomes	Europe
-22.8407	14.4423	1.84844	-1.20508	1428	1000Genomes	Europe
-22.7846	13.7091	1.4124	-1.88353	1429	1000Genomes	Europe
-23.0405	14.8106	2.06604	-1.58452	1430	1000Genomes	Europe
-22.6991	14.4959	1.97536	-1.68785	1431	1000Genomes	Europe
-22.5242	14.2024	1.324	-1.51718	1432	1000Genomes	Europe
-21.935	15.5965	1.90366	-1.53579	1433	1000Genomes	Europe
-23.434	15.9749	1.66025	-1.79469	1434	1000Genomes	Europe
-22.8615	15.0248	1.49964	-1.18103	1435	1000Genomes	Europe
-22.5981	14.7733	1.68019	-1.09694	1436	1000Genomes	Europe
-23.1381	14.9882	1.52629	-1.53177	1437	1000Genomes	Europe
-22.8758	14.4103	1.45735	-1.57678	1438	1000Genomes	Europe
-22.4333	15.5683	1.95341	-1.94086	1439	1000Genomes	Europe
-22.376	15.7497	1.73532	-2.22252	1440	1000Genomes	Europe
-22.6327	14.3417	1.73642	-1.59257	1441	1000Genomes	Europe
-22.1408	14.3508	1.73135	-1.89166	1442	1000Genomes	Europe
-23.1355	13.8444	1.90447	-1.65227	1443	1000Genomes	Europe
-22.9429	15.4774	1.74688	-1.77232	1444	1000Genomes	Europe
-22.9308	15.4886	1.92872	-1.63147	1445	1000Genomes	Europe
-22.3399	14.5907	2.16615	-1.54915	1446	1000Genomes	Europe
-21.7706	15.166	1.75163	-2.35204	1447	1000Genomes	Europe
-22.5498	15.114	1.99243	-2.23737	1448	1000Genomes	Europe
-22.3659	15.0303	2.06167	-1.28264	1449	1000Genomes	Europe
-23.1684	15.0031	1.32548	-1.52678	1450	1000Genomes	Europe
-21.9252	14.7332	1.37905	-2.16566	1451	1000Genomes	Europe
-22.7393	14.7142	1.32975	-1.73997	1452	1000Genomes	Europe
-21.6081	14.3772	1.81549	-2.3161	1453	1000Genomes	Europe
-23.1455	14.682	1.07338	-2.11986	1454	1000Genomes	Europe
-23.3632	14.6967	1.48069	-1.81919	1455	1000Genomes	Europe
-23.6228	16.1413	1.61608	-2.04481	1456	1000Genomes	Europe
-22.9495	15.2433	0.984871	-1.30467	1457	1000Genomes	Europe
-22.326	15.1321	2.08201	-2.5632	1458	1000Genomes	Europe
-22.8638	15.6578	1.29626	-1.30929	1459	1000Genomes	Europe
-22.1933	15.2718	1.66155	-1.6871	1460	1000Genomes	Europe
-22.4976	15.4004	1.96946	-1.51396	1461	1000Genomes	Europe
-21.8936	15.0154	1.87448	-1.77229	1462	1000Genomes	Europe
-22.626	14.2526	1.75428	-1.27393	1463	1000Genomes	Europe
-22.3582	13.6184	1.94245	-1.42181	1464	1000Genomes	Europe
-22.7091	15.3429	2.31292	-1.87875	1465	1000Genomes	Europe
-22.7155	14.7535	1.48342	-2.33252	1466	1000Genomes	Europe
-22.6118	13.8388	1.13253	-1.49368	1467	1000Genomes	Europe
-22.4138	14.8868	1.67655	-2.19769	1468	1000Genomes	Europe
-21.8132	14.9162	1.99777	-1.73066	1469	1000Genomes	Europe
-22.3593	15.9215	1.63218	-1.50117	1470	1000Genomes	Europe
-21.8016	14.3081	1.60297	-1.57526	1471	1000Genomes	Europe
-23.117	13.998	1.71905	-1.65394	1472	1000Genomes	Europe
-22.3287	12.7424	1.6915	-1.33366	1473	1000Genomes	Europe
-21.8663	13.9878	1.42815	-2.09443	1474	1000Genomes	Europe
-22.0598	15.2543	1.15932	-1.92236	1475	1000Genomes	Europe
-22.4297	14.7497	1.22703	-1.66443	1476	1000Genomes	Europe
-21.6578	15.3851	1.6307	-1.6743	1477	1000Genomes	Europe
-22.2133	15.2988	1.8173	-1.21517	1478	1000Genomes	Europe
-22.1372	15.5355	1.84984	-1.87812	1479	1000Genomes	Europe
-22.5621	15.4374	1.41132	-1.6656	1480	1000Genomes	Europe
-21.3828	14.9657	1.68939	-1.56926	1481	1000Genomes	Europe
-24.9807	14.875	1.11774	0.397374	1482	HGDP	Europe
-24.4345	15.3029	1.59153	0.296804	1483	HGDP	Europe
-23.6087	15.7225	1.15723	-0.545742	1484	HGDP	Europe
-24.9145	14.5198	1.7772	-0.56924	1485	HGDP	Europe
-23.475	14.226	1.28361	0.148133	1486	HGDP	Europe
-22.0591	15.1573	1.00457	-0.682206	1487	HGDP	Europe
-23.5491	14.1008	1.55413	-0.53021	1488	HGDP	Europe
-23.9486	15.2429	1.08257	0.0943862	1489	HGDP	Europe
-24.2673	15.6793	1.78047	-1.98974	1490	HGDP	Europe
-21.642	15.3744	1.62283	-1.58753	1491	HGDP	Europe
-21.8556	14.388	1.11389	-1.32347	1492	HGDP	Europe
-23.4413	16.1576	2.32292	-1.81403	1493	HGDP	Europe
-23.5086	14.3556	1.79597	-1.44173	1494	HGDP	Europe
-20.93	13.4276	1.00633	-1.7334	1495	HGDP	Europe
-22.7738	13.8379	1.69124	-1.7942	1496	HGDP	Europe
-22.5468	14.2524	2.21525	-2.09068	1497	HGDP	Europe
-24.5098	13.4338	1.17329	-0.682178	1498	HGDP	Europe
-25.159	14.7236	1.35349	-0.891508	1499	HGDP	Europe
-24.6377	15.0808	1.43204	-0.146591	1500	HGDP	Europe
-22.7902	14.8967	0.940938	-0.76033	1501	HGDP	Europe
-24.5089	15.6191	1.92984	-0.840155	1502	HGDP	Europe
-25.9993	14.1689	-0.0385691	3.36128	1503	HGDP	Europe
-24.5786	14.0989	0.487692	1.98772	1504	HGDP	Europe
-23.916	12.9969	0.432109	2.14623	1505	HGDP	Europe
-24.48	12.7347	-0.0482233	3.13455	1506	HGDP	Europe
-24.742	14.2697	0.871949	3.15407	1507	HGDP	Europe
-24.9653	12.9472	0.63793	1.84378	1508	HGDP	Europe
-24.058	12.966	0.0148878	2.71665	1509	HGDP	Europe
-25.9248	13.6434	0.87148	2.72687	1510	HGDP	Europe
-24.8646	12.9072	-0.515676	4.32563	1511	HGDP	Europe
-22.59	13.3317	1.38607	-0.244999	1512	HGDP	Europe
-24.0601	14.1556	1.25886	0.946232	1513	HGDP	Europe
-24.9558	13.9756	0.788972	2.73789	1514	HGDP	Europe
-25.3382	13.6878	0.229998	3.45814	1515	HGDP	Europe
-24.6073	14.1406	0.635518	1.60926	1516	HGDP	Europe
-23.9482	13.3141	0.438017	2.61972	1517	HGDP	Europe
-24.8243	13.0916	0.338392	3.56103	1518	HGDP	Europe
-24.5502	13.0227	-0.0300106	3.01507	1519	HGDP	Europe
-24.7157	13.3444	0.864679	2.76449	1520	HGDP	Europe
-25.2494	14.7406	0.815546	2.79718	1521	HGDP	Europe
-26.241	14.0652	1.18008	1.83011	1522	HGDP	Europe
-25.9221	15.0212	1.04015	1.90414	1523	HGDP	Europe
-26.8327	12.3671	-0.192888	4.39866	1524	HGDP	Europe
-26.279	13.6942	-0.128217	3.25419	1525	HGDP	Europe
-26.6385	13.4313	0.0610072	3.80172	1526	HGDP	Europe
-24.2246	14.6779	1.22897	1.46487	1527	HGDP	Europe
-25.9976	13.5731	0.452202	2.44685	1528	HGDP	Europe
-24.7435	14.0885	0.811427	2.33742	1529	HGDP	Europe
-24.6762	14.6044	1.0385	2.49176	1530	HGDP	Europe
33.8145	-87.3862	20.5947	0.580854	1531	1000Genomes	Asia
35.45	-86.6335	20.6932	0.749672	1532	1000Genomes	Asia
35.3133	-87.7043	20.7714	1.35846	1533	1000Genomes	Asia
36.3665	-87.2809	20.8124	1.18442	1534	1000Genomes	Asia
34.7056	-88.5733	21.2434	0.902876	1535	1000Genomes	Asia
35.1062	-87.9913	20.7516	0.964419	1536	1000Genomes	Asia
34.8003	-87.7659	20.3383	0.769216	1537	1000Genomes	Asia
35.0904	-86.6369	20.6155	0.89719	1538	1000Genomes	Asia
34.9698	-86.0903	20.6581	0.713857	1539	1000Genomes	Asia
34.4989	-86.988	20.2855	0.814728	1540	1000Genomes	Asia
33.2785	-87.2634	20.1127	0.887226	1541	1000Genomes	Asia
34.093	-88.0376	20.7713	0.772186	1542	1000Genomes	Asia
35.2315	-87.7369	20.7421	0.948079	1543	1000Genomes	Asia
33.7915	-87.6361	20.0867	0.857383	1544	1000Genomes	Asia
33.6936	-88.4735	19.3694	0.931145	1545	1000Genomes	Asia
34.009	-88.2732	21.084	0.903248	1546	1000Genomes	Asia
35.0663	-87.3665	20.7473	0.636454	1547	1000Genomes	Asia
35.7132	-86.9433	20.5516	1.02489	1548	1000Genomes	Asia
35.1133	-87.3077	20.4504	0.492524	1549	1000Genomes	Asia
34.654	-87.7955	21.0317	0.815713	1550	1000Genomes	Asia
35.0609	-87.712	20.7245	0.701043	1551	1000Genomes	Asia
34.1099	-87.8043	19.9216	0.623466	1552	1000Genomes	Asia
34.3232	-87.1268	20.8321	0.487471	1553	1000Genomes	Asia
33.6366	-87.6742	21.0895	1.07967	1554	1000Genomes	Asia
34.6338	-87.2634	21.056	1.38401	1555	1000Genomes	Asia
34.4647	-87.682	20.422	0.600881	1556	1000Genomes	Asia
33.8648	-86.7019	20.1886	0.712542	1557	1000Genomes	Asia
34.6718	-87.4485	20.6144	0.783487	1558	1000Genomes	Asia
35.8119	-87.9919	20.2745	0.963413	1559	1000Genomes	Asia
33.9738	-87.0776	20.0929	1.08344	1560	1000Genomes	Asia
34.9072	-88.3909	20.7258	0.747469	1561	1000Genomes	Asia
33.8065	-87.1996	20.322	0.819036	1562	1000Genomes	Asia
34.4655	-87.8377	19.6291	1.12937	1563	1000Genomes	Asia
34.2837	-87.0605	20.6728	0.941603	1564	1000Genomes	Asia
34.1032	-87.8022	21.0054	1.30823	1565	1000Genomes	Asia
33.6291	-87.5738	21.344	1.19498	1566	1000Genomes	Asia
34.5592	-87.968	20.8901	0.535291	1567	1000Genomes	Asia
34.3073	-87.3046	20.3432	1.09506	1568	1000Genomes	Asia
35.2797	-87.5414	20.4753	0.74134	1569	1000Genomes	Asia
34.3011	-86.9173	21.283	0.953441	1570	1000Genomes	Asia
34.3409	-86.39	20.6106	0.592785	1571	1000Genomes	Asia
33.5126	-86.4901	20.2187	0.82329	1572	1000Genomes	Asia
34.6721	-86.1672	20.1129	1.09398	1573	1000Genomes	Asia
35.2571	-87.8446	20.5302	0.889619	1574	1000Genomes	Asia
34.8295	-87.0093	20.9579	0.688474	1575	1000Genomes	Asia
34.4714	-87.8677	20.4589	0.700364	1576	1000Genomes	Asia
35.0368	-86.885	20.5822	0.734193	1577	1000Genomes	Asia
33.5563	-87.3127	20.003	0.517493	1578	1000Genomes	Asia
35.1734	-87.3046	20.2581	0.466662	1579	1000Genomes	Asia
33.3489	-88.2535	20.2137	0.898518	1580	1000Genomes	Asia
35.9486	-87.9721	20.4637	0.264218	1581	1000Genomes	Asia
34.234	-87.6038	20.5156	1.03171	1582	1000Genomes	Asia
34.3522	-87.8401	20.4802	0.73426	1583	1000Genomes	Asia
34.0518	-87.3588	20.7422	0.630046	1584	1000Genomes	Asia
35.2161	-87.909	20.9547	0.779642	1585	1000Genomes	Asia
33.9003	-87.3874	21.2193	0.693596	1586	1000Genomes	Asia
34.5656	-87.3191	20.5457	0.795618	1587	1000Genomes	Asia
35.7736	-86.8867	20.2474	1.05145	1588	1000Genomes	Asia
34.6593	-87.344	20.5205	1.04758	1589	1000Genomes	Asia
33.9953	-88.1723	20.3895	0.483374	1590	1000Genomes	Asia
33.9931	-86.617	20.5186	0.871665	1591	1000Genomes	Asia
33.3654	-87.0191	20.7952	0.856426	1592	1000Genomes	Asia
34.6688	-87.4477	19.9733	0.467444	1593	1000Genomes	Asia
34.311	-88.7648	19.9144	0.48059	1594	1000Genomes	Asia
33.4778	-87.8553	20.6515	1.48422	1595	1000Genomes	Asia
33.2705	-87.2345	20.8857	0.946234	1596	1000Genomes	Asia
34.6072	-88.7339	20.4212	0.998121	1597	1000Genomes	Asia
34.1026	-86.5943	19.8511	1.36031	1598	1000Genomes	Asia
34.9886	-86.9503	20.7952	0.670965	1599	1000Genomes	Asia
34.1733	-87.0004	20.3853	0.697741	1600	1000Genomes	Asia
35.487	-88.9154	20.0792	0.800599	1601	1000Genomes	Asia
35.156	-89.2591	20.6967	0.890591	1602	1000Genomes	Asia
35.1171	-86.4331	20.9563	0.710094	1603	1000Genomes	Asia
34.5999	-87.3573	20.8122	0.977506	1604	1000Genomes	Asia
33.9486	-87.6072	20.4428	0.886586	1605	1000Genomes	Asia
33.2623	-86.9228	20.1676	0.499097	1606	1000Genomes	Asia
35.1283	-87.3586	20.0946	0.806676	1607	1000Genomes	Asia
34.9649	-87.7807	20.0247	0.825782	1608	1000Genomes	Asia
33.9071	-86.9606	20.8182	0.869308	1609	1000Genomes	Asia
36.0203	-87.8903	20.7432	0.546603	1610	1000Genomes	Asia
33.6709	-87.285	20.2236	0.590864	1611	1000Genomes	Asia
33.9406	-87.2997	19.9559	0.862997	1612	1000Genomes	Asia
35.1337	-87.4945	21.5547	1.17743	1613	1000Genomes	Asia
33.3031	-88.9194	20.0579	1.17189	1614	1000Genomes	Asia
34.6458	-86.8711	20.0242	0.915407	1615	1000Genomes	Asia
33.4653	-87.1198	20.5252	0.833467	1616	1000Genomes	Asia
35.3715	-88.6876	20.5895	0.474629	1617	1000Genomes	Asia
32.4458	-87.6133	20.384	0.963607	1618	1000Genomes	Asia
33.7611	-87.4459	20.4966	0.456481	1619	1000Genomes	Asia
35.0484	-88.6725	20.669	0.553268	1620	1000Genomes	Asia
32.9738	-86.2662	20.4735	1.24257	1621	1000Genomes	Asia
34.5066	-88.0258	20.144	0.958181	1622	1000Genomes	Asia
36.0809	-88.0012	21.2757	0.860789	1623	1000Genomes	Asia
34.1863	-86.1744	20.1584	0.74244	1624	1000Genomes	Asia
34.859	-87.7228	20.9351	0.631397	1625	1000Genomes	Asia
34.8916	-87.3049	20.5528	1.04731	1626	1000Genomes	Asia
33.3447	-88.2957	20.443	0.778813	1627	1000Genomes	Asia
34.004	-87.974	19.8934	0.746233	1628	1000Genomes	Asia
34.0258	-86.527	20.794	0.641585	1629	1000Genomes	Asia
33.8692	-87.8048	20.4531	0.68836	1630	1000Genomes	Asia
34.7562	-88.4014	20.5153	1.19518	1631	1000Genomes	Asia
35.5772	-88.1226	20.5164	1.04789	1632	1000Genomes	Asia
34.25	-87.004	20.8896	0.695369	1633	1000Genomes	Asia
35.3308	-87.5837	20.8844	0.772559	1634	1000Genomes	Asia
35.4426	-88.8247	21.2786	1.21964	1635	HGDP	Asia
34.7229	-89.6216	20.4052	0.677223	1636	HGDP	Asia
34.1912	-88.7211	20.5623	0.909788	1637	HGDP	Asia
34.0926	-88.8501	20.5099	1.21972	1638	HGDP	Asia
35.0663	-88.0157	20.8668	0.816257	1639	HGDP	Asia
35.1951	-88.8196	20.6253	1.30499	1640	HGDP	Asia
35.1146	-87.8241	21.382	0.672736	1641	HGDP	Asia
34.4438	-89.2802	20.4463	0.541656	1642	HGDP	Asia
34.1242	-88.2814	20.847	1.20627	1643	HGDP	Asia
33.7054	-87.1719	20.4987	1.06464	1644	HGDP	Asia
34.1746	-89.1684	20.6694	0.827131	1645	HGDP	Asia
36.1565	-89.2855	20.257	0.710491	1646	HGDP	Asia
35.2821	-89.9985	21.133	0.846677	1647	HGDP	Asia
34.7253	-88.3391	21.4167	0.882317	1648	HGDP	Asia
34.5838	-87.6266	20.819	1.25033	1649	HGDP	Asia
34.1877	-88.7577	21.1475	1.0125	1650	HGDP	Asia
34.3673	-88.0567	21.6917	0.550614	1651	HGDP	Asia
34.2235	-88.7327	21.2811	0.910394	1652	HGDP	Asia
34.3244	-89.2467	20.7216	0.827383	1653	HGDP	Asia
33.7199	-88.1063	20.0482	0.705094	1654	HGDP	Asia
35.6153	-88.9008	21.0503	0.541991	1655	HGDP	Asia
33.9224	-89.3137	20.9685	0.962355	1656	HGDP	Asia
35.6451	-89.3247	20.6824	0.711737	1657	HGDP	Asia
33.6499	-88.7891	20.8531	1.16684	1658	HGDP	Asia
34.057	-88.6225	21.2708	0.774288	1659	HGDP	Asia
35.4478	-88.9407	20.2023	0.742445	1660	HGDP	Asia
34.2956	-87.348	20.4048	0.632554	1661	HGDP	Asia
35.5414	-88.6919	21.557	1.16426	1662	HGDP	Asia
35.3719	-46.3231	14.1911	-0.373478	1663	HGDP	Oceania
35.0258	-46.7124	15.0486	-0.142043	1664	HGDP	Oceania
33.93	-46.5787	14.3531	-0.750803	1665	HGDP	Oceania
35.3329	-47.0473	14.8425	-0.485263	1666	HGDP	Oceania
35.8203	-54.9996	18.0478	-0.127495	1667	HGDP	Oceania
34.8947	-46.1322	14.1967	-0.12616	1668	HGDP	Oceania
34.791	-45.7289	14.1703	-0.699678	1669	HGDP	Oceania
35.7746	-47.4176	14.83	-0.645608	1670	HGDP	Oceania
35.2668	-47.5367	14.2504	-0.608751	1671	HGDP	Oceania
35.2292	-45.635	14.6831	-0.108833	1672	HGDP	Oceania
35.2396	-46.5998	14.8823	-0.356505	1673	HGDP	Oceania
35.3229	-46.0248	14.9167	-0.212722	1674	HGDP	Oceania
35.7181	-46.6183	14.1004	-0.382621	1675	HGDP	Oceania
35.1373	-46.5281	14.4001	-0.566492	1676	HGDP	Oceania
34.9799	-45.911	14.6231	-0.337487	1677	HGDP	Oceania
34.428	-47.0774	14.6915	-0.736079	1678	HGDP	Oceania
34.6501	-46.2237	14.7158	-0.710549	1679	HGDP	Oceania
34.3449	-53.1872	16.6987	-0.353999	1680	HGDP	Oceania
34.6966	-52.52	16.6807	-0.0283622	1681	HGDP	Oceania
34.0078	-55.0059	17.3507	-0.25215	1682	HGDP	Oceania
33.3757	-53.3652	16.395	-0.874566	1683	HGDP	Oceania
35.5405	-53.3488	17.669	-0.263498	1684	HGDP	Oceania
34.1697	-52.7195	16.5249	-0.48903	1685	HGDP	Oceania
34.1012	-52.4503	16.2877	-0.311224	1686	HGDP	Oceania
34.5089	-51.4521	16.1662	-0.396706	1687	HGDP	Oceania
34.3639	-52.5676	16.5492	-0.643458	1688	HGDP	Oceania
34.6771	-52.2149	16.9584	-0.332679	1689	HGDP	Oceania
-0.323456	18.1494	3.53668	-10.2405	1706	HGDP	MiddleEast
-2.21651	18.1569	3.33423	-9.29829	1707	HGDP	MiddleEast
4.31317	16.6097	2.97118	-7.4036	1708	HGDP	MiddleEast
13.1118	19.6001	3.1454	-7.08359	1709	HGDP	MiddleEast
-5.09413	17.4424	4.21877	-10.2372	1710	HGDP	MiddleEast
-0.984766	15.1243	3.23311	-7.36234	1711	HGDP	MiddleEast
-5.22092	17.0529	4.25757	-9.79986	1712	HGDP	MiddleEast
-4.89553	17.3257	3.01395	-10.1254	1713	HGDP	MiddleEast
-0.0905194	18.4326	3.29931	-7.64284	1714	HGDP	MiddleEast
8.38995	18.1191	3.63282	-7.55101	1715	HGDP	MiddleEast
125.13	37.4006	0.483645	-1.1272	1716	HGDP	MiddleEast
-2.01745	17.586	3.52634	-9.39461	1717	HGDP	MiddleEast
-0.685501	18.5738	3.54216	-9.58497	1718	HGDP	MiddleEast
-1.53661	15.3866	2.85626	-7.2701	1719	HGDP	MiddleEast
-1.24691	16.1448	2.87199	-7.24718	1720	HGDP	MiddleEast
10.2682	19.2869	3.37328	-8.51958	1721	HGDP	MiddleEast
-1.21312	15.9231	3.4964	-7.18284	1722	HGDP	MiddleEast
1.08091	16.7782	3.30053	-7.45935	1723	HGDP	MiddleEast
-2.55884	17.2032	3.59092	-9.55916	1724	HGDP	MiddleEast
8.35981	20.1231	2.40827	-7.52051	1725	HGDP	MiddleEast
8.92115	18.97	3.05724	-6.86772	1726	HGDP	MiddleEast
-2.96842	17.4037	3.57925	-9.20584	1727	HGDP	MiddleEast
1.18591	16.7224	3.44083	-7.51302	1728	HGDP	MiddleEast
8.12915	18.8078	3.00339	-7.23499	1729	HGDP	MiddleEast
-1.88132	17.2967	3.35479	-8.50359	1730	HGDP	MiddleEast
10.6722	18.6345	2.76399	-7.18352	1731	HGDP	MiddleEast
-3.77612	18.1132	3.84213	-9.25747	1732	HGDP	MiddleEast
-1.33624	16.7744	3.43845	-7.94242	1733	HGDP	MiddleEast
-6.22729	16.8085	3.8058	-9.7985	1734	HGDP	MiddleEast
-2.76081	15.6735	3.20472	-7.72258	1735	HGDP	MiddleEast
3.74896	18.1271	3.33147	-7.72485	1736	HGDP	MiddleEast
15.7326	21.4165	3.30473	-7.4381	1737	HGDP	MiddleEast
0.355249	16.7775	3.41302	-7.72359	1738	HGDP	MiddleEast
-3.43826	16.5823	4.03494	-9.56262	1739	HGDP	MiddleEast
-5.33316	17.3481	3.52571	-9.93794	1740	HGDP	MiddleEast
-4.28862	16.5976	3.65369	-8.99639	1741	HGDP	MiddleEast
-2.2959	17.649	3.10226	-9.37489	1742	HGDP	MiddleEast
-3.97735	16.8662	3.41143	-10.003	1743	HGDP	MiddleEast
-4.20971	13.1183	3.32695	-6.90033	1744	HGDP	MiddleEast
-4.79624	16.1228	2.97605	-7.4163	1745	HGDP	MiddleEast
-5.10919	16.3912	3.8477	-7.35156	1746	HGDP	MiddleEast
-4.52123	17.3096	3.02317	-7.3302	1747	HGDP	MiddleEast
-3.71265	17.2734	2.92295	-7.42797	1748	HGDP	MiddleEast
2.90047	18.3138	3.31002	-7.10756	1749	HGDP	MiddleEast
-4.56368	16.6002	3.04023	-7.33835	1750	HGDP	MiddleEast
-1.67879	14.8465	3.85578	-7.35035	1751	HGDP	MiddleEast
-3.5178	16.1097	3.55724	-7.45376	1752	HGDP	MiddleEast
2.1555	18.1516	2.9298	-7.8886	1753	HGDP	MiddleEast
2.18808	16.047	3.00079	-7.06776	1754	HGDP	MiddleEast
-7.12494	15.8973	2.69833	-7.86081	1755	HGDP	MiddleEast
-4.26663	16.3872	2.71436	-7.37912	1756	HGDP	MiddleEast
-1.48344	16.7025	2.84244	-7.07026	1757	HGDP	MiddleEast
16.0151	20.4064	3.10335	-6.31707	1758	HGDP	MiddleEast
-4.75165	16.2577	2.90039	-7.61748	1759	HGDP	MiddleEast
-5.06404	16.5891	3.12572	-7.35103	1760	HGDP	MiddleEast
-5.78659	16.2982	3.17411	-6.91357	1761	HGDP	MiddleEast
-5.65826	16.581	3.58452	-7.27213	1762	HGDP	MiddleEast
-2.57784	16.615	4.14574	-7.44799	1763	HGDP	MiddleEast
-3.34536	17.3407	2.97629	-7.32691	1764	HGDP	MiddleEast
-0.422908	17.4681	2.71442	-7.27807	1765	HGDP	MiddleEast
-4.82308	17.0904	3.74966	-10.0349	1766	HGDP	MiddleEast
-3.01698	16.4528	3.37105	-6.99753	1767	HGDP	MiddleEast
-4.98232	16.4023	3.06477	-6.97034	1768	HGDP	MiddleEast
-5.66571	17.4483	3.70947	-7.37051	1769	HGDP	MiddleEast
-4.27905	16.5739	2.83244	-7.2446	1770	HGDP	MiddleEast
-0.65323	16.777	2.84347	-7.54815	1771	HGDP	MiddleEast
3.40836	17.1532	3.20775	-7.45327	1772	HGDP	MiddleEast
-5.14935	17.6454	2.88463	-7.70034	1773	HGDP	MiddleEast
-4.37436	17.0034	3.32697	-7.59425	1774	HGDP	MiddleEast
-3.52931	15.9919	3.5852	-7.39445	1775	HGDP	MiddleEast
-5.81481	16.2475	2.99234	-7.495	1776	HGDP	MiddleEast
9.19436	18.3604	2.81111	-7.89928	1777	HGDP	MiddleEast
2.52648	17.1971	3.02318	-7.22983	1778	HGDP	MiddleEast
-5.76557	14.8681	3.02979	-7.46028	1779	HGDP	MiddleEast
-3.14467	16.1415	3.50757	-6.69281	1780	HGDP	MiddleEast
9.65199	19.7757	2.85273	-7.38537	1781	HGDP	MiddleEast
-3.92717	14.6644	3.46463	-7.31785	1782	HGDP	MiddleEast
-23.7775	18.0984	2.74408	-3.32893	1783	HGDP	Europe
-24.7202	18.9348	2.13261	-2.90263	1784	HGDP	Europe
-23.9577	18.2634	1.46878	-1.79389	1785	HGDP	Europe
-23.919	17.674	2.05676	-2.83613	1786	HGDP	Europe
-24.0441	19.0437	1.60284	-2.16221	1787	HGDP	Europe
-23.6853	18.1412	2.48028	-3.06974	1788	HGDP	Europe
-24.6324	18.7843	2.61229	-2.08045	1789	HGDP	Europe
-24.3592	17.4611	2.64146	-2.88689	1790	HGDP	Europe
-23.0465	17.7867	1.72738	-3.10284	1791	HGDP	Europe
-25.5242	17.4696	2.40263	-2.28928	1792	HGDP	Europe
-24.1721	17.7608	2.54049	-2.79692	1793	HGDP	Europe
-23.4587	17.4912	2.05056	-2.18871	1794	HGDP	Europe
-24.6256	19.3111	2.07691	-2.86033	1795	HGDP	Europe
-24.8663	19.0398	3.00231	-2.61027	1796	HGDP	Europe
-24.0775	18.3822	2.48063	-2.91607	1797	HGDP	Europe
-24.5454	17.6714	2.16857	-3.13714	1798	HGDP	Europe
-24.4292	18.6632	2.50724	-3.03308	1799	HGDP	Europe
-25.1426	18.291	2.30799	-2.27055	1800	HGDP	Europe
-23.381	17.8614	2.47099	-2.5	1801	HGDP	Europe
-22.1599	17.8611	2.06815	-2.61145	1802	HGDP	Europe
-24.1415	17.9803	2.70174	-2.78434	1803	HGDP	Europe
-23.6011	18.8619	2.03268	-2.72131	1804	HGDP	Europe
-23.7127	17.7862	1.99078	-2.59363	1805	HGDP	Europe
-24.2144	18.8778	2.54004	-2.95504	1806	HGDP	Europe
-21.8932	19.3065	2.11785	-2.65854	1807	HGDP	Europe
-25.0641	17.4529	2.25937	-2.66159	1808	HGDP	Europe
-24.8362	17.7724	2.27819	-2.6818	1809	HGDP	Europe
-24.0014	17.9178	2.1693	-2.39028	1810	HGDP	Europe
155.937	46.6114	-1.32745	0.749411	1811	HGDP	Africa
156.194	45.6641	-1.41166	0.915291	1812	HGDP	Africa
157.817	47.4529	-0.894317	0.838783	1813	HGDP	Africa
156.936	47.1009	-1.49261	1.06183	1814	HGDP	Africa
159.308	47.9103	-1.43261	1.32112	1815	HGDP	Africa
158.173	46.5927	-1.90443	1.29922	1816	HGDP	Africa
155.374	46.2451	-1.01644	0.697765	1817	HGDP	Africa
159.863	47.2862	-0.337346	1.56415	1818	HGDP	Africa
156.409	45.4346	-0.96828	1.22924	1819	HGDP	Africa
159.76	47.5748	-1.20366	1.61942	1820	HGDP	Africa
155.111	46.4629	-1.06696	0.85475	1821	HGDP	Africa
157.461	46.4022	-1.61236	1.28515	1822	HGDP	Africa
152.238	45.8884	-0.62836	0.495075	1823	HGDP	Africa
158.256	46.7349	-1.15925	0.966418	1824	HGDP	Africa
156.658	47.1162	-1.50566	1.30437	1825	HGDP	Africa
158.928	45.9751	-1.04961	1.0823	1826	HGDP	Africa
158.562	46.7204	-1.10896	0.884073	1827	HGDP	Africa
155.179	47.0203	-1.41776	1.07528	1828	HGDP	Africa
158.612	46.679	-2.01506	0.68851	1829	HGDP	Africa
156.113	46.8794	-1.28121	1.07986	1830	HGDP	Africa
158.041	47.83	-1.42822	0.62246	1831	HGDP	Africa
25.1471	-75.3363	10.9259	1.35711	1832	HGDP	Asia
27.4551	-74.3249	12.1614	1.37927	1833	HGDP	Asia
23.5822	-70.682	10.6123	1.44464	1834	HGDP	Asia
12.3748	-52.916	8.27328	2.35775	1835	HGDP	Asia
21.2704	-67.597	9.98498	2.09297	1836	HGDP	Asia
26.1755	-75.7832	11.4972	1.43587	1837	HGDP	Asia
23.751	-73.9379	11.4105	1.35712	1838	HGDP	Asia
11.3965	-50.4001	7.37851	3.19804	1839	HGDP	Asia
25.2571	-74.2916	11.841	1.56587	1840	HGDP	Asia
24.8863	-74.751	11.3585	1.41578	1841	HGDP	Asia
25.8302	-74.3133	11.4762	1.35619	1842	HGDP	Asia
27.127	-76.9084	11.5841	1.39677	1843	HGDP	Asia
22.6099	-68.7773	11.0699	1.63997	1844	HGDP	Asia
30.6098	-84.4455	10.8934	1.16347	1845	HGDP	Asia
26.4507	-77.8077	11.7765	1.27582	1846	HGDP	Asia
25.0236	-75.1229	12.328	1.51258	1847	HGDP	Asia
26.5801	-76.2378	11.3301	1.43638	1848	HGDP	Asia
26.4089	-75.7794	11.2316	1.43822	1849	HGDP	Asia
23.8994	-71.7642	10.8842	1.70162	1850	HGDP	Asia
26.2826	-75.4177	11.4214	0.9936	1851	HGDP	Asia
23.3503	-71.1023	10.5391	1.84825	1852	HGDP	Asia
25.9081	-74.3709	10.9984	1.58943	1853	HGDP	Asia
23.896	-69.5207	10.0263	1.49825	1854	HGDP	Asia
17.4264	-61.2148	9.11226	1.9923	1855	HGDP	Asia
-22.2106	2.48422	-0.23152	7.28213	1856	1000Genomes	Europe
-22.0815	3.42813	-0.880828	7.03533	1857	1000Genomes	Europe
-23.517	6.40071	-0.828298	6.50499	1858	1000Genomes	Europe
-21.2509	2.56011	-0.365306	6.63823	1859	1000Genomes	Europe
-20.3145	2.57987	-0.0364302	6.72035	1860	1000Genomes	Europe
-23.1726	4.39814	-0.600809	7.07988	1861	1000Genomes	Europe
-20.3466	3.85011	-0.631023	6.73276	1862	1000Genomes	Europe
-22.1659	4.20122	-0.408595	6.69411	1863	1000Genomes	Europe
-20.1407	7.5052	0.829319	2.96919	1864	1000Genomes	Europe
-20.0654	2.6498	-0.344714	7.00401	1865	1000Genomes	Europe
-21.3593	2.48514	-0.278903	6.62478	1866	1000Genomes	Europe
-21.5394	1.5132	-0.169757	7.06877	1867	1000Genomes	Europe
-21.3037	3.99408	-1.066	7.06268	1868	1000Genomes	Europe
-21.078	1.95605	-0.264191	6.69284	1869	1000Genomes	Europe
-23.0009	4.96616	-0.388308	6.51757	1870	1000Genomes	Europe
-21.4674	4.15956	-0.231071	7.0964	1871	1000Genomes	Europe
-22.3861	4.35198	0.0329607	6.51635	1872	1000Genomes	Europe
-21.2555	4.54604	0.122768	6.25941	1873	1000Genomes	Europe
-22.1753	3.69654	-0.0383258	7.11633	1874	1000Genomes	Europe
-22.765	5.56019	-0.499617	6.70581	1875	1000Genomes	Europe
-22.2679	4.50195	-0.310136	7.35437	1876	1000Genomes	Europe
-22.9732	5.71979	0.194739	6.87533	1877	1000Genomes	Europe
-20.4898	1.16797	0.187855	7.60586	1878	1000Genomes	Europe
-19.623	1.42703	-0.0737937	6.95985	1879	1000Genomes	Europe
-21.5798	5.09137	-0.160048	6.4613	1880	1000Genomes	Europe
-23.1655	5.21901	-0.78227	6.77255	1881	1000Genomes	Europe
-22.7527	6.19388	-0.346699	6.89634	1882	1000Genomes	Europe
-20.8392	3.6467	-0.393769	6.93611	1883	1000Genomes	Europe
-23.9003	6.02538	-0.980987	6.16466	1884	1000Genomes	Europe
-21.0612	2.92154	-0.21804	6.9006	1885	1000Genomes	Europe
-21.7441	3.72998	-0.235267	7.24967	1886	1000Genomes	Europe
-22.6132	4.37399	-0.65282	6.84664	1887	1000Genomes	Europe
-22.4781	3.52388	0.158016	7.03554	1888	1000Genomes	Europe
-23.0209	4.08176	0.581896	6.82443	1889	1000Genomes	Europe
-21.2776	3.41648	-0.45769	6.70444	1890	1000Genomes	Europe
-23.9767	6.15425	-0.646012	6.25553	1891	1000Genomes	Europe
-21.2848	4.28434	0.520528	6.95835	1892	1000Genomes	Europe
-21.1477	3.3659	-0.625939	7.25393	1893	1000Genomes	Europe
-22.6822	5.41757	0.00786123	7.08099	1894	1000Genomes	Europe
-24.4248	7.08094	-0.493929	6.34233	1895	1000Genomes	Europe
-22.7871	5.03316	-0.460974	6.82939	1896	1000Genomes	Europe
-22.3744	3.24714	-0.323997	6.79932	1897	1000Genomes	Europe
-21.7393	3.3132	-0.853317	6.95615	1898	1000Genomes	Europe
-22.952	5.81377	-0.217478	6.65963	1899	1000Genomes	Europe
-21.4415	3.93688	-0.0701329	7.25499	1900	1000Genomes	Europe
-22.6819	4.00364	-0.492158	6.53384	1901	1000Genomes	Europe
-21.8754	2.19696	-0.827944	6.60026	1902	1000Genomes	Europe
-22.2445	2.70846	0.624778	7.07173	1903	1000Genomes	Europe
-20.6393	3.22	-1.05979	7.03446	1904	1000Genomes	Europe
-22.0694	1.60533	-0.235051	7.26961	1905	1000Genomes	Europe
-23.332	5.16367	-0.448765	7.55905	1906	1000Genomes	Europe
-21.9074	3.08939	-0.325679	7.2385	1907	1000Genomes	Europe
-23.565	4.90181	-0.158543	6.61703	1908	1000Genomes	Europe
-22.9449	6.44387	-0.321193	6.39687	1909	1000Genomes	Europe
-21.6662	5.25653	-0.620156	7.04501	1910	1000Genomes	Europe
-22.9355	4.5739	-0.546611	6.56115	1911	1000Genomes	Europe
-22.0826	4.61453	-0.897628	6.28796	1912	1000Genomes	Europe
-23.1851	5.63453	-0.241035	7.12254	1913	1000Genomes	Europe
-23.0963	5.03948	0.0901509	6.88861	1914	1000Genomes	Europe
-21.1561	3.25998	0.175675	6.75799	1915	1000Genomes	Europe
-23.3423	6.20045	-0.516247	6.46698	1916	1000Genomes	Europe
-22.2475	5.47734	-0.0449449	6.80629	1917	1000Genomes	Europe
-22.1376	4.07496	0.763218	6.66066	1918	1000Genomes	Europe
-20.6024	6.20965	0.0392603	4.43639	1919	1000Genomes	Europe
-23.0764	3.05218	0.352095	7.34536	1920	1000Genomes	Europe
-21.5519	4.85177	-0.204974	7.42331	1921	1000Genomes	Europe
-25.1538	8.13192	-0.444263	5.89371	1922	1000Genomes	Europe
-22.1056	3.58482	-0.513142	7.42731	1923	1000Genomes	Europe
-23.1801	6.34138	-0.219982	6.51292	1924	1000Genomes	Europe
-22.178	3.10596	0.125132	7.77873	1925	1000Genomes	Europe
-23.8816	8.81817	-0.363831	6.25493	1926	1000Genomes	Europe
-22.9744	4.47743	-0.175111	6.57303	1927	1000Genomes	Europe
-22.7386	2.88333	0.214155	6.77318	1928	1000Genomes	Europe
-24.3219	5.13795	-0.581758	7.05681	1929	1000Genomes	Europe
-22.0145	4.9929	-0.627301	6.71033	1930	1000Genomes	Europe
-22.8188	5.53356	0.142903	6.60891	1931	1000Genomes	Europe
-20.7351	1.75346	-0.643756	7.46339	1932	1000Genomes	Europe
-21.4647	5.26303	-0.721666	6.66803	1933	1000Genomes	Europe
-22.9768	6.10528	-0.248423	6.5559	1934	1000Genomes	Europe
-21.2431	2.75223	-0.567153	7.55235	1935	1000Genomes	Europe
-21.7713	4.4468	-0.394623	7.34361	1936	1000Genomes	Europe
-22.2484	4.09794	-0.460931	7.04321	1937	1000Genomes	Europe
-21.1157	3.31812	-0.679562	7.01412	1938	1000Genomes	Europe
-22.3546	3.38557	-0.204624	6.85022	1939	1000Genomes	Europe
-22.0718	3.29014	-0.676438	6.43269	1940	1000Genomes	Europe
-21.2018	2.54622	-0.634961	7.50613	1941	1000Genomes	Europe
-22.0168	3.20726	-0.738751	6.96333	1942	1000Genomes	Europe
-21.7559	4.76121	-0.241562	6.93748	1943	1000Genomes	Europe
-23.5879	4.26821	-0.349942	6.92123	1944	1000Genomes	Europe
-20.8933	1.5008	-0.320321	7.19527	1945	1000Genomes	Europe
-21.9813	4.56061	-0.114642	6.71761	1946	1000Genomes	Europe
-23.5481	7.32806	-0.944268	6.63749	1947	1000Genomes	Europe
-21.4751	2.08508	-0.276537	6.34743	1948	1000Genomes	Europe
-22.3613	3.66554	-0.321177	7.21984	1949	1000Genomes	Europe
-22.5604	4.35101	-0.534793	7.04325	1950	1000Genomes	Europe
-23.687	8.06913	-0.17659	6.55171	1951	1000Genomes	Europe
-23.5039	4.48965	0.291442	7.09379	1952	1000Genomes	Europe
-21.3702	3.09497	-0.0612873	7.65833	1953	1000Genomes	Europe
-21.3108	3.60292	-0.338783	6.82325	1954	1000Genomes	Europe
-22.6447	4.21893	-0.245187	7.36463	1955	1000Genomes	Europe
